   120.7000      0.0000000E+00  0.0000000E+00
   121.6500      0.0000000E+00  0.0000000E+00
   122.1000      0.0000000E+00  0.0000000E+00
   122.7000      0.0000000E+00  0.0000000E+00
   123.4500      0.0000000E+00  0.0000000E+00
   124.2000      0.0000000E+00  0.0000000E+00
   125.0000      0.0000000E+00  0.0000000E+00
   125.8000      0.0000000E+00  0.0000000E+00
   126.6000      0.0000000E+00  0.0000000E+00
   127.8000      0.0000000E+00  0.0000000E+00
   129.0000      0.0000000E+00  0.0000000E+00
   129.8500      0.0000000E+00  0.0000000E+00
   131.1500      0.0000000E+00  0.0000000E+00
   133.5000      0.0000000E+00  0.0000000E+00
   136.0000      0.0000000E+00  0.0000000E+00
   141.0000      0.0000000E+00  0.0000000E+00
   150.0000      0.0000000E+00  0.0000000E+00
   160.0000      0.0000000E+00  0.0000000E+00
   167.5000      0.0000000E+00  0.0000000E+00
   172.2000      0.0000000E+00  0.0000000E+00
   175.7000      0.0000000E+00  0.0000000E+00
   177.8000      0.0000000E+00  0.0000000E+00
   179.4000      0.0000000E+00  0.0000000E+00
   181.0000      0.0000000E+00  0.0000000E+00
   182.6500      0.0000000E+00  0.0000000E+00
   184.3500      0.0000000E+00  0.0000000E+00
   186.0500      0.0000000E+00  0.0000000E+00
   187.8000      0.0000000E+00  0.0000000E+00
   189.6000      0.0000000E+00  0.0000000E+00
   191.4000      0.0000000E+00  3.0624495E-23
   193.2500      0.0000000E+00  2.2112498E-22
   195.1500      0.0000000E+00  2.8668887E-22
   197.0500      0.0000000E+00  3.5773759E-22
   199.0000      0.0000000E+00  4.3524998E-22
   201.0000      9.0309135E-26  5.1199996E-22
   203.0500      2.1422509E-22  5.8785011E-22
   204.9500      2.7977514E-22  6.5815016E-22
   207.0665      3.5843472E-22  7.3608275E-22
   209.4295      4.5214902E-22  7.9923262E-22
   211.6460      5.3590212E-22  8.4598822E-22
   213.9100      6.1967016E-22  9.3117515E-22
   216.2225      7.0523266E-22  1.0439453E-21
   218.5855      7.8122468E-22  1.2203765E-21
   221.0010      8.3049933E-22  1.5036138E-21
   223.4705      9.1249613E-22  1.9403062E-21
   225.9960      1.0309334E-21  2.5888584E-21
   228.5790      1.2198721E-21  3.4236380E-21
   231.2215      1.5409432E-21  4.5545623E-21
   233.9260      2.0416607E-21  6.0163411E-21
   236.6945      2.7881669E-21  7.8260390E-21
   239.5295      3.8176865E-21  1.0146505E-20
   242.4330      5.1646940E-21  1.2932998E-20
   245.4080      6.9219201E-21  1.6189913E-20
   248.4570      9.2424541E-21  2.0026624E-20
   251.5825      1.2082496E-20  2.4573460E-20
   254.7875      1.5466484E-20  2.9181898E-20
   258.0750      1.9515008E-20  3.4634993E-20
   261.4490      2.4377450E-20  4.0015214E-20
   264.9125      2.9374069E-20  4.4989116E-20
   268.4685      3.5338477E-20  5.0348813E-20
   272.1215      4.0910973E-20  5.3557815E-20
   275.8755      4.6588389E-20  5.8351615E-20
   279.7340      5.1459859E-20  5.8195781E-20
   283.7020      5.5828610E-20  6.0209074E-20
   287.7845      5.8501341E-20  5.6155625E-20
   291.9865      5.9365770E-20  5.4145918E-20
   296.3090      5.8120004E-20  4.7184851E-20
   300.5000      5.4403120E-20  4.0362501E-20
   303.0000      5.4174995E-20  3.8162498E-20
   304.0000      5.3037499E-20  3.6775002E-20
   305.0000      5.0737498E-20  3.4525000E-20
   306.0000      4.7899997E-20  3.1662500E-20
   307.0000      4.5100000E-20  2.8549997E-20
   308.0000      4.2987497E-20  2.5799999E-20
   309.0000      4.1575002E-20  2.3799998E-20
   310.0000      4.0712499E-20  2.2562500E-20
   311.0000      3.9987501E-20  2.1750000E-20
   312.0000      3.9174999E-20  2.0699999E-20
   313.0000      3.8162498E-20  1.9562498E-20
   314.0000      3.6775002E-20  1.8212501E-20
   316.0000      3.1579168E-20  1.5416666E-20
   320.0000      2.2922498E-20  9.0492501E-21
   325.0000      1.6805000E-20  4.8040000E-21
   330.0000      9.0492501E-21  2.1564998E-21
   335.0000      4.8040000E-21  5.1200006E-22
   340.0000      2.1564998E-21  1.6424999E-22
   345.0000      5.1200006E-22  6.6249997E-23
   350.0000      1.6424999E-22  2.0249999E-23
   355.0000      6.6249997E-23  4.0000001E-24
   360.0000      2.0249999E-23  0.0000000E+00
   365.0000      4.0000001E-24  0.0000000E+00
   370.0000      0.0000000E+00  0.0000000E+00
   375.0000      0.0000000E+00  0.0000000E+00
   380.0000      0.0000000E+00  0.0000000E+00
   385.0000      0.0000000E+00  0.0000000E+00
   390.0000      0.0000000E+00  0.0000000E+00
   395.0000      0.0000000E+00  0.0000000E+00
   400.0000      0.0000000E+00  0.0000000E+00
   405.0000      0.0000000E+00  0.0000000E+00
   410.0000      0.0000000E+00  0.0000000E+00
   415.0000      0.0000000E+00  0.0000000E+00
   420.0000      0.0000000E+00  0.0000000E+00
   425.0000      0.0000000E+00  0.0000000E+00
   430.0000      0.0000000E+00  0.0000000E+00
   435.0000      0.0000000E+00  0.0000000E+00
   440.0000      0.0000000E+00  0.0000000E+00
   445.0000      0.0000000E+00  0.0000000E+00
   450.0000      0.0000000E+00  0.0000000E+00
   455.0000      0.0000000E+00  0.0000000E+00
   460.0000      0.0000000E+00  0.0000000E+00
   465.0000      0.0000000E+00  0.0000000E+00
   470.0000      0.0000000E+00  0.0000000E+00
   475.0000      0.0000000E+00  0.0000000E+00
   480.0000      0.0000000E+00  0.0000000E+00
   485.0000      0.0000000E+00  0.0000000E+00
   490.0000      0.0000000E+00  0.0000000E+00
   495.0000      0.0000000E+00  0.0000000E+00
   500.0000      0.0000000E+00  0.0000000E+00
   505.0000      0.0000000E+00  0.0000000E+00
   510.0000      0.0000000E+00  0.0000000E+00
   515.0000      0.0000000E+00  0.0000000E+00
   520.0000      0.0000000E+00  0.0000000E+00
   525.0000      0.0000000E+00  0.0000000E+00
   530.0000      0.0000000E+00  0.0000000E+00
   535.0000      0.0000000E+00  0.0000000E+00
   540.0000      0.0000000E+00  0.0000000E+00
   545.0000      0.0000000E+00  0.0000000E+00
   550.0000      0.0000000E+00  0.0000000E+00
   555.0000      0.0000000E+00  0.0000000E+00
   560.0000      0.0000000E+00  0.0000000E+00
   565.0000      0.0000000E+00  0.0000000E+00
   570.0000      0.0000000E+00  0.0000000E+00
   575.0000      0.0000000E+00  0.0000000E+00
   580.0000      0.0000000E+00  0.0000000E+00
   585.0000      0.0000000E+00  0.0000000E+00
   590.0000      0.0000000E+00  0.0000000E+00
   595.0000      0.0000000E+00  0.0000000E+00
   600.0000      0.0000000E+00  0.0000000E+00
   605.0000      0.0000000E+00  0.0000000E+00
   610.0000      0.0000000E+00  0.0000000E+00
   615.0000      0.0000000E+00  0.0000000E+00
   620.0000      0.0000000E+00  0.0000000E+00
   625.0000      0.0000000E+00  0.0000000E+00
   630.0000      0.0000000E+00  0.0000000E+00
   635.0000      0.0000000E+00  0.0000000E+00
   640.0000      0.0000000E+00  0.0000000E+00
   644.8000      0.0000000E+00  0.0000000E+00
   651.0500      0.0000000E+00  0.0000000E+00
   660.0000      0.0000000E+00  0.0000000E+00
   670.0000      0.0000000E+00  0.0000000E+00
   680.0000      0.0000000E+00  0.0000000E+00
   690.0000      0.0000000E+00  0.0000000E+00
   700.0000      0.0000000E+00  0.0000000E+00
   710.0000      0.0000000E+00  0.0000000E+00
   720.0000      0.0000000E+00  0.0000000E+00
   730.0000      0.0000000E+00  0.0000000E+00
