,x,y,size,labels
ACR,0.926435549523,0.581779563302,0.513750325323,0
ALLYLOH,0.751360332161,0.598772529421,0.136722477661,1
APINANO3,0.981125819845,0.757199210036,0.521991845233,2
APINAO,0.967590670267,0.751913607452,0.521991845233,2
APINAO2,0.997140616938,0.775894904755,0.521991845233,2
APINAOOH,1.0,0.752001680293,0.521991845233,2
APINBCO,0.993543428411,0.777910442444,0.521991845233,2
APINBNO3,0.980445380276,0.743314613189,0.521991845233,2
APINBO,0.998700969302,0.75262874894,0.521991845233,2
APINBO2,0.997527609939,0.761591685075,0.521991845233,2
APINBOH,0.988307496356,0.78067911444,0.521991845233,2
APINBOOH,0.974477886301,0.78377736945,0.521991845233,2
APINCNO3,0.966064310531,0.776310689042,0.521991845233,2
APINCO,0.967974141269,0.769439151461,0.521991845233,2
APINCO2,0.965864570487,0.760683553798,0.521991845233,2
APINCOH,0.979493906861,0.773098689525,0.521991845233,2
APINCOOH,0.977118531869,0.780031505341,0.521991845233,2
APINENE,0.99013098475,0.745293998436,0.521991845233,2
BENZAL,0.443202073316,0.431867211921,0.558688297042,3
BUT1ENE,0.364750602168,0.741273388237,0.410774702872,4
BUT2CHO,0.439798548051,0.612653757448,0.865446343368,-1
BUT2OL,0.373414079789,0.522485146851,0.230762557474,5
BUTDANO3,0.946424415736,0.551625047733,0.513750325323,0
BUTDAO,0.918070427923,0.562960300297,0.513750325323,0
BUTDAO2,0.930691645396,0.58183576491,0.513750325323,0
BUTDAOH,0.935722927953,0.553189124869,0.513750325323,0
BUTDAOOH,0.948265354035,0.551199793997,0.513750325323,0
BUTDBNO3,0.917475316789,0.558181758926,0.513750325323,0
BUTDBO,0.922933348247,0.554825848551,0.513750325323,0
BUTDBO2,0.941007474269,0.55207771262,0.513750325323,0
BUTDBOH,0.92095977466,0.582096821264,0.513750325323,0
BUTDBOOH,0.938461842634,0.565057763899,0.513750325323,0
BUTDCO,0.942061592615,0.573723352819,0.513750325323,0
BUTDCO2,0.919126200541,0.577670229112,0.513750325323,0
BUTDCOOH,0.940044340902,0.589325629359,0.513750325323,0
C2H2,0.603474841746,0.564840260477,0.0890951678667,6
C32OH13CO,0.747757673863,0.43905840541,0.185737832914,7
C33CO,0.74777765854,0.439576829572,0.185737832914,7
C3DIALO,0.747891269695,0.439961857769,0.185737832914,7
C3DIALO2,0.747562336317,0.439012279073,0.185737832914,7
C3DIALOOH,0.74743162212,0.439356397927,0.185737832914,7
C3H8,0.293053691757,0.184660752368,0.332350134467,8
C3MCODBCO3,0.38380703244,0.889840948278,0.14114687256,9
C3MDIALO,0.776369488025,0.334626981495,0.130042508892,10
C3MDIALO2,0.775939670715,0.332447525696,0.130042508892,10
C3MDIALOH,0.775743586079,0.334418956781,0.130042508892,10
C3MDIALOOH,0.776160969664,0.334778032578,0.130042508892,10
C45NO3,0.365097825929,0.600737815527,0.0974234406177,11
C45O,0.364296451047,0.600795128379,0.0974234406177,11
C45O2,0.364059649966,0.600430566551,0.0974234406177,11
C45OOH,0.364474298665,0.600995620033,0.0974234406177,11
C4CO2O,0.572755024359,0.609803602087,0.0828489633035,6
C4CO2O2,0.574806141961,0.609213707447,0.0828489633035,6
C4CO2OOH,0.573461505376,0.608690035098,0.0828489633035,6
C4ECO2O,0.493011787054,0.730377778057,0.0924785286718,12
C4ECO2O2,0.491974058428,0.731310894759,0.0924785286718,12
C4ECO2OOH,0.492346887556,0.730791799952,0.0924785286718,12
C4H6,0.930892959668,0.556549545527,0.513750325323,0
C4MCO2O,0.551623873087,0.667797025774,0.0997657673289,6
C4MCO2O2,0.550358865035,0.667861852189,0.0997657673289,6
C4MCO2OOH,0.55113061977,0.668434894924,0.0997657673289,6
C4MDIAL,0.383502259443,0.889685389837,0.14114687256,9
C51O2,0.761346053656,0.601567021249,0.133339116856,1
C52O2,0.477501889473,0.646498869838,0.642318035916,13
C5CO14O2,0.715435366859,0.71563204187,0.0815476706862,14
C5DIALCO,0.457318416128,0.525198792817,0.144963997571,15
C5DIALO,0.457998492157,0.525660432455,0.144963997571,15
C5DIALO2,0.45772713813,0.525483107295,0.144963997571,15
C5DIALOH,0.457586291515,0.526750552214,0.144963997571,15
C5DIALOOH,0.457552008722,0.52518152176,0.144963997571,15
C5DICARB,0.715493519868,0.71576640481,0.0815476706862,14
C5H11CHO,0.112183758493,0.11586062575,0.696538561638,16
C6125CO,0.496463131546,0.376945833503,0.165784679448,17
C615CO2O,0.496587471499,0.372315341883,0.165784679448,17
C615CO2O2,0.496483796609,0.377084766187,0.165784679448,17
C615CO2OH,0.498829345245,0.374055166507,0.165784679448,17
C615CO2OOH,0.496023099272,0.376882590122,0.165784679448,17
C6H5C2H4O,0.71297597084,0.842236540475,0.474191029756,18
C6H5C2H4O2,0.685462993741,0.832377373112,0.474191029756,18
C6H5C2NO3,0.689799601982,0.845229925327,0.474191029756,18
C6H5C2OH,0.697809548641,0.848029821305,0.474191029756,18
C6H5C2OOH,0.714077089198,0.833966084267,0.474191029756,18
C6H5CH2CHO,0.708302251246,0.844294515955,0.474191029756,18
C6H5CH2NO3,0.203514693701,0.918362075357,0.521124316821,19
C6H5CH2O,0.225033121467,0.895654878735,0.521124316821,19
C6H5CH2O2,0.227668217218,0.910008459173,0.521124316821,19
C6H5CH2OH,0.225074504958,0.896384977166,0.521124316821,19
C6H5CH2OOH,0.212428526763,0.89633694027,0.521124316821,19
C6H5CO3,0.442207915672,0.431260371797,0.558688297042,3
C6H5CO3H,0.442772869688,0.430871959183,0.558688297042,3
C6H5O,0.442845891137,0.430600535125,0.558688297042,3
C6H5O2,0.442995122511,0.431273472769,0.558688297042,3
C6H5OOH,0.443632884522,0.431301554078,0.558688297042,3
C715CO2O,0.157677048364,0.524397046498,0.144530233365,20
C715CO2O2,0.157545853895,0.522505905653,0.144530233365,20
C715CO2OH,0.157727823852,0.521671539474,0.144530233365,20
C715CO2OOH,0.158141738801,0.522791159814,0.144530233365,20
C720O2,0.98036517475,0.744968610852,0.521991845233,2
C7236CO,0.668016797481,0.644296144219,0.178363841416,21
C726CO3OH,0.667620199028,0.644297727253,0.178363841416,21
C726CO5O,0.667712584802,0.643665488401,0.178363841416,21
C726CO5O2,0.667701551873,0.644139782563,0.178363841416,21
C726CO5OOH,0.667683648377,0.643805793568,0.178363841416,21
C7CO2DBAL,0.158002966697,0.522446834308,0.144530233365,20
C7CO2M5O,0.515278117267,0.856298811452,0.124837338423,22
C7CO2M5O2,0.515774822543,0.856715391156,0.124837338423,22
C7CO2M5OH,0.515525682792,0.855737434819,0.124837338423,22
C7CO2M5OOH,0.515343552743,0.853658840905,0.124837338423,22
C7M2CO5O,0.449566532619,0.792798417752,0.116769324195,23
C7M2CO5O2,0.450146265024,0.791839239475,0.116769324195,23
C7M2CO5OH,0.44920121859,0.791515099603,0.116769324195,23
C7M2CO5OOH,0.449526179714,0.791739438145,0.116769324195,23
C7M3CO,0.450619466959,0.791826575202,0.116769324195,23
C7M6CO2O,0.615400837926,0.702322827217,0.0953413724299,24
C7M6CO2O2,0.615380959976,0.702223041484,0.0953413724299,24
C7M6CO2OH,0.615330157806,0.702427447833,0.0953413724299,24
C7M6CO2OOH,0.615300874518,0.702382732969,0.0953413724299,24
C815CO2O,0.299512638027,0.671188633372,0.115901795784,25
C815CO2O2,0.299929074407,0.671441606895,0.115901795784,25
C815CO2OH,0.299623180774,0.67128091724,0.115901795784,25
C815CO2OOH,0.298502117762,0.672371042848,0.115901795784,25
C8236CO,0.475162278113,0.994442131153,0.18617159712,26
C826CO3O,0.475132718001,0.993844945198,0.18617159712,26
C826CO3O2,0.474587635264,0.994199139322,0.18617159712,26
C826CO3OH,0.474703694476,0.993991145802,0.18617159712,26
C826CO3OOH,0.474868124477,0.994039931325,0.18617159712,26
C8CO2DBAL,0.299203475872,0.671912072143,0.115901795784,25
C96O2,0.970518465495,0.748364164338,0.521991845233,2
CH2CHCH2NO3,0.758583472208,0.60055507257,0.178537347098,1
CH2CHCH2O,0.758469647598,0.601658186075,0.178537347098,1
CH2CHCH2O2,0.758648709238,0.601510110004,0.178537347098,1
CH2CHCH2OOH,0.758811948564,0.600834263632,0.178537347098,1
CH3CO2H,0.560798257379,0.418352304216,0.402272924438,27
CH3CO3,0.576530420708,0.402666206802,0.402272924438,27
CH3CO3H,0.567893611558,0.403285648812,0.402272924438,27
CH3COCH2O,0.385705443362,0.808971333234,0.0,-1
CH3NO3,0.57805790108,0.417858888874,0.402272924438,27
CH3O,0.560478542567,0.413712485953,0.402272924438,27
CH3O2,0.577820166135,0.405268200127,0.402272924438,27
CH3OH,0.572560187097,0.422893389502,0.402272924438,27
CH3OOH,0.566041533602,0.403850222706,0.402272924438,27
CH4,0.578935612625,0.408541852192,0.402272924438,27
CO,0.565574381768,0.405049850601,0.402272924438,27
CO24C53O,0.600350708405,0.866823196243,0.100026025852,28
CO24C53O2,0.600356725153,0.866830277007,0.100026025852,28
CO24C53OOH,0.60039451994,0.866994444658,0.100026025852,28
CRESO2,0.21538295044,0.919965665473,0.521124316821,19
CRESOL,0.207412479521,0.927754005926,0.521124316821,19
DDEC3ONE,0.569364566511,0.74654757426,0.603713021601,-1
DDECNO3,0.561568247779,0.766771840435,0.314218790665,29
DDECO,0.557263430917,0.756781507392,0.314218790665,29
DDECO2,0.56084730522,0.762281544808,0.314218790665,29
DDECOH,0.561037759994,0.763171631056,0.314218790665,29
DDECOOH,0.560774310453,0.762542160564,0.314218790665,29
DEC3ONE,0.616438080026,0.999990111886,0.614817385269,-1
DECNO3,0.633577181971,0.998831642876,0.308232844626,30
DECO,0.63223408626,0.998724183717,0.308232844626,30
DECO2,0.633190962742,0.999193167307,0.308232844626,30
DECOH,0.633716380984,0.99996768427,0.308232844626,30
DECOOH,0.633167095861,0.999213692162,0.308232844626,30
DIEK,0.661178876095,0.514347961837,1.0,31
EBENZ,0.682943536963,0.830288891084,0.474191029756,18
EBENZO,0.682396266318,0.823144463384,0.474191029756,18
EBENZOL,0.687443144394,0.842833102574,0.474191029756,18
EBENZOLO2,0.711176416032,0.816709328525,0.474191029756,18
EBZBIPERO2,0.69975311853,0.846637780688,0.474191029756,18
EBZBPER2OH,0.698485292211,0.810948425811,0.474191029756,18
EBZBPERNO3,0.689896136778,0.813634093794,0.474191029756,18
EBZBPEROOH,0.704126761126,0.816584682138,0.474191029756,18
EBZMUCCO3,0.686519273313,0.819878016854,0.474191029756,18
EBZMUCO2,0.709979803469,0.816930547788,0.474191029756,18
EBZOBPEROH,0.717163307684,0.827951334632,0.474191029756,18
EBZPOXMUC,0.697359933428,0.809458845341,0.474191029756,18
ECATECHOL,0.702639623654,0.832693262492,0.474191029756,18
EPXC4DIAL,0.67838557641,0.366099929033,0.0264596165524,-1
EPXDLCO3,0.67856861364,0.365741867003,0.0264596165524,-1
EPXM2C4DAL,0.290017128122,0.571807661298,0.0288886961048,-1
EPXM2DLCO3,0.274536794405,0.579505850691,0.0288886961048,-1
HC3CCHO,0.931471714851,0.544115529268,0.513750325323,0
HC3CHO,0.934458290111,0.543838463275,0.513750325323,0
HCHO,0.565532164471,0.423601083712,0.402272924438,27
HCOCH2O,0.578130102063,0.420748245772,0.402272924438,27
HCOOH,0.604404629519,0.564345823571,0.0890951678667,6
HEPT3ONE,0.506055695708,0.000121339951154,0.325149648651,32
HEPTNO3,0.50553669736,0.00126018869579,0.325149648651,32
HEPTO,0.505238067433,0.000226022952715,0.325149648651,32
HEPTO2,0.505259946519,0.000155527248446,0.325149648651,32
HEPTOH,0.505675501566,0.000241494576307,0.325149648651,32
HEPTOOH,0.505911714814,0.0,0.325149648651,32
HEX3ONE,0.11638454297,0.157835733218,0.696538561638,16
HEXANO3,0.108995522098,0.129542344695,0.696538561638,16
HEXAO,0.088239473745,0.162172653899,0.696538561638,16
HEXAO2,0.122043408426,0.14837570879,0.696538561638,16
HEXAOH,0.0832406362716,0.134391482172,0.696538561638,16
HEXAOOH,0.118375699871,0.141720695957,0.696538561638,16
HEXBNO3,0.0942410937579,0.12550337754,0.696538561638,16
HEXBO,0.116990433556,0.138349566425,0.696538561638,16
HEXBO2,0.109022684183,0.16567750692,0.696538561638,16
HEXBOH,0.0864627852492,0.161080313604,0.696538561638,16
HEXBOOH,0.0941200650588,0.140165205123,0.696538561638,16
HEXCNO3,0.0924732903055,0.123964075763,0.696538561638,16
HEXCO,0.078479080152,0.153108933861,0.696538561638,16
HEXCO2,0.0874491317925,0.132582456345,0.696538561638,16
HEXCOH,0.0801047229102,0.148287277232,0.696538561638,16
HEXCOOH,0.115168439344,0.158783494934,0.696538561638,16
HO1C5O2,0.674386599818,0.506551901168,1.0,31
HO1C6O2,0.100337247431,0.163644236129,0.696538561638,16
HO2C5O2,0.651300202029,0.480192099079,1.0,31
HO2C6O2,0.108159394156,0.128434314427,0.696538561638,16
HO3C106O2,0.633364060997,1.0,0.308232844626,30
HO3C116O2,0.214116391507,0.616374355397,0.312483733842,33
HO3C126O2,0.56268708953,0.765862710988,0.314218790665,29
HO3C3CHO,0.36898560607,0.744077120928,0.410774702872,4
HO3C4NO3,0.37635618981,0.738156526728,0.410774702872,4
HO3C4O,0.378156638459,0.734120803622,0.410774702872,4
HO3C4O2,0.376939787742,0.739173848365,0.410774702872,4
HO3C4OOH,0.377072476393,0.726868589238,0.410774702872,4
HO3C6O2,0.0983055074942,0.149088713572,0.696538561638,16
HO3C76O2,0.505510403685,0.00232036922531,0.325149648651,32
HO3C86O2,0.161471175345,0.372133831041,0.532228680489,34
HO3C96O2,0.645972124337,0.130837157387,0.273097943958,35
IBUTACID,0.292132862403,0.178134690527,0.341459182788,8
IBUTALCO2,0.526227946015,0.305169088158,0.15988548625,36
IBUTALO2H,0.525760627419,0.304846149208,0.15988548625,36
IBUTALOH,0.538335960513,0.525377736103,0.517307191811,37
IBUTOL,0.014686363038,0.454025041135,0.386483907348,38
IBUTOLBNO3,0.536562503852,0.526253736857,0.517307191811,37
IBUTOLBO,0.531767945666,0.524928162226,0.517307191811,37
IBUTOLBO2,0.541893729998,0.520657479434,0.517307191811,37
IBUTOLBO2H,0.529339597271,0.516237991439,0.517307191811,37
IBUTOLOHB,0.539903260155,0.51256982077,0.517307191811,37
IC3H7NO3,0.29260859911,0.185581906635,0.332350134467,8
IC3H7O,0.29169017112,0.181951284287,0.332350134467,8
IC3H7O2,0.290860420131,0.1838062259,0.332350134467,8
IC3H7OOH,0.294756204815,0.17833432438,0.332350134467,8
IC4H10,0.0148527508174,0.448164461862,0.386483907348,38
IC4H9NO3,0.00201671807629,0.443807531006,0.386483907348,38
IC4H9O,0.00129465488063,0.455014234674,0.386483907348,38
IC4H9O2,0.0137238433528,0.446310830346,0.386483907348,38
IC4H9OOH,0.0127513980336,0.456934275638,0.386483907348,38
IC5H12,0.458609629055,0.650851121775,0.642318035916,13
IPEANO3,0.474346166533,0.622109368096,0.642318035916,13
IPEAO,0.47857672291,0.632826851851,0.642318035916,13
IPEAO2,0.466739843982,0.654536939765,0.642318035916,13
IPEAOH,0.481416628249,0.635543026382,0.642318035916,13
IPEAOOH,0.460760136407,0.619296480321,0.642318035916,13
IPEBNO3,0.451611916967,0.63801734762,0.642318035916,13
IPEBO,0.471084933704,0.618457441073,0.642318035916,13
IPEBO2,0.453790650341,0.647128449505,0.642318035916,13
IPEBOH,0.474864350668,0.64797438236,0.642318035916,13
IPEBOOH,0.466987971492,0.619233673639,0.642318035916,13
IPECNO3,0.480249165566,0.629347311779,0.642318035916,13
IPECO,0.471851924068,0.649588188114,0.642318035916,13
IPECO2,0.452150879563,0.632336906707,0.642318035916,13
IPECOH,0.452297889677,0.631164221583,0.642318035916,13
IPECOOH,0.457483149635,0.647898802231,0.642318035916,13
IPRCHO,0.0365839126711,0.423558076654,0.686388479223,-1
IPRCO3,0.292562399553,0.170727307612,0.341459182788,8
IPROPOL,0.293686304178,0.17249060481,0.332350134467,8
M2PROPAL2O,0.526383165788,0.304977735991,0.15988548625,36
MALANHY,0.584623034291,0.248663365575,0.168387264683,39
MALDALCO2H,0.584955989952,0.245685421155,0.168387264683,39
MALDALCO3H,0.585690907111,0.248075662228,0.168387264683,39
MALDIALCO2,0.584494407946,0.248693310653,0.168387264683,39
MALDIALCO3,0.585624589467,0.249975396687,0.168387264683,39
MC3CODBCO3,0.38372413205,0.889736951518,0.14114687256,9
MC4CODBCO3,0.666851029093,0.279948329768,0.0766027587403,40
MC5DICARB,0.667220598871,0.279895364411,0.0766027587403,40
MC6CO2O,0.129379012311,0.712800516403,0.135247679361,41
MC6CO2O2,0.130327924272,0.710089831803,0.135247679361,41
MC6CO2OH,0.130335315134,0.711739821192,0.135247679361,41
MC6CO2OOH,0.130233844203,0.710519543671,0.135247679361,41
MC7CO2O,0.252123405301,0.359603032451,0.105751713369,42
MC7CO2O2,0.253225711,0.360077116062,0.105751713369,42
MC7CO2OH,0.252442252955,0.359339812097,0.105751713369,42
MC7CO2OOH,0.253549868333,0.359380893,0.105751713369,42
MCATECHOL,0.197820554889,0.915828940115,0.521124316821,19
MEKCOH,0.364269715871,0.741891629324,0.410774702872,4
MEPROPENE,0.529618118701,0.51910397714,0.517307191811,37
MET1O,0.344366831797,0.422934556186,0.347011364622,43
METCATECH,0.357663485999,0.405589205124,0.347011364622,43
METHTOL,0.361524410896,0.429471192383,0.347011364622,43
METLBIPNO3,0.364700093498,0.417347857403,0.347011364622,43
METLBIPRO2,0.356015030292,0.406409528698,0.347011364622,43
METLBPR2OH,0.351612117748,0.407487457925,0.347011364622,43
METLBPROOH,0.361700604242,0.407941172645,0.347011364622,43
METLMUCCO3,0.346935329745,0.415306086577,0.347011364622,43
METLMUCO2,0.362161439157,0.423887090399,0.347011364622,43
METLOBPROH,0.346710588843,0.421397897999,0.347011364622,43
METLPOXMUC,0.35448608242,0.432894398277,0.347011364622,43
METOH,0.354966368376,0.431519630667,0.347011364622,43
METOLO2,0.364027111496,0.421005274358,0.347011364622,43
MIPK,0.458661808674,0.624719814667,0.642318035916,13
MVKOH,0.950061733708,0.561039935707,0.513750325323,0
NBUTDAOH,0.951320154688,0.565071601801,0.513750325323,0
NBUTOLANO3,0.366128077393,0.723087773609,0.410774702872,4
NBUTOLAO,0.364781859911,0.727264519316,0.410774702872,4
NBUTOLAO2,0.36290216628,0.729571974726,0.410774702872,4
NBUTOLAOH,0.374117986012,0.722972079552,0.410774702872,4
NBUTOLAOOH,0.362353081272,0.732715412491,0.410774702872,4
NC10H22,0.632440990371,0.999098465998,0.308232844626,30
NC11H24,0.214610858846,0.617077565644,0.312483733842,33
NC12H26,0.559792866692,0.7635845768,0.314218790665,29
NC4H10,0.374076162272,0.521696930405,0.230762557474,5
NC5H12,0.656879128777,0.472639174507,1.0,31
NC6H14,0.0957310595022,0.169804001043,0.696538561638,16
NC7H16,0.505578749564,0.00633194911171,0.325149648651,32
NC8H18,0.16003670777,0.373239116344,0.532228680489,34
NC9H20,0.645370516182,0.130005027342,0.273097943958,35
NON3ONE,0.647344423291,0.12890289251,0.273097943958,35
NONNO3,0.64529200495,0.129590443977,0.273097943958,35
NONO,0.645329106009,0.129650708446,0.273097943958,35
NONO2,0.645064035548,0.13011872506,0.273097943958,35
NONOH,0.645294112813,0.130408100568,0.273097943958,35
NONOOH,0.645180608385,0.129949753719,0.273097943958,35
OCT3ONE,0.161231012355,0.373418412499,0.532228680489,34
OCTNO3,0.158692638173,0.373988959811,0.532228680489,34
OCTO,0.158688182311,0.373338699325,0.532228680489,34
OCTO2,0.159735683567,0.37404966098,0.532228680489,34
OCTOH,0.156219821203,0.373122299348,0.532228680489,34
OCTOOH,0.158690263492,0.373218591489,0.532228680489,34
OXY1O,0.458883364435,0.174061567267,0.482085538301,44
OXYBIPENO3,0.448196168097,0.159873027879,0.482085538301,44
OXYBIPERO2,0.472624777761,0.166233456007,0.482085538301,44
OXYBPER2OH,0.44308080448,0.15465821733,0.482085538301,44
OXYBPEROOH,0.467537350001,0.144703662417,0.482085538301,44
OXYCATECH,0.449653268519,0.160529448941,0.482085538301,44
OXYEPOXMUC,0.471276105552,0.142756078219,0.482085538301,44
OXYL,0.463192263614,0.167448914243,0.482085538301,44
OXYLAL,0.450711195694,0.17071688922,0.482085538301,44
OXYLNO3,0.458070209533,0.135522407949,0.482085538301,44
OXYLO,0.45319455198,0.140967702019,0.482085538301,44
OXYLO2,0.448506314144,0.14786121492,0.482085538301,44
OXYLOH,0.475909233772,0.159284263977,0.482085538301,44
OXYLOL,0.473205660819,0.164105951799,0.482085538301,44
OXYLOOH,0.469641094142,0.143430435135,0.482085538301,44
OXYMUCCO3,0.462034109548,0.172154065804,0.482085538301,44
OXYMUCO2,0.477294510092,0.151664801286,0.482085538301,44
OXYOLO2,0.452328310278,0.139169531282,0.482085538301,44
PAN,0.568748430109,0.42413501069,0.402272924438,27
PE4E2CO,0.761895005256,0.601664713166,0.133339116856,1
PEANO3,0.655420807662,0.498107564654,1.0,31
PEAO,0.675014129354,0.494934384564,1.0,31
PEAO2,0.665003913955,0.474159253726,1.0,31
PEAOH,0.673667498303,0.48212019948,1.0,31
PEAOOH,0.669281848892,0.506332748427,1.0,31
PEBNO3,0.677055047833,0.490383758183,1.0,31
PEBO,0.648920397856,0.479683149727,1.0,31
PEBO2,0.649007020358,0.507633881558,1.0,31
PEBOH,0.646515165915,0.503571979904,1.0,31
PEBOOH,0.668949246764,0.484146834005,1.0,31
PECNO3,0.643957514124,0.488533351221,1.0,31
PECO,0.655267040379,0.506154645397,1.0,31
PECO2,0.665957135029,0.51130705477,1.0,31
PECOH,0.664071958285,0.478752481659,1.0,31
PECOOH,0.64227111688,0.49342189299,1.0,31
PERIBUACID,0.297720874307,0.184035711252,0.341459182788,8
PHCOOH,0.442046517391,0.43006564117,0.558688297042,3
PINAL,0.995346104992,0.746171763532,0.521991845233,2
PXYFUONE,0.384232380545,0.889668826466,0.14114687256,9
SC4H9NO3,0.374022331716,0.520705315526,0.230762557474,5
SC4H9O,0.372262025853,0.521883681636,0.226077904051,5
SC4H9O2,0.371938935792,0.519348893175,0.230762557474,5
SC4H9OOH,0.372754158534,0.522283399687,0.230762557474,5
STYRENE,0.249302257276,0.461497266061,0.272664179752,45
STYRENO,0.251009359606,0.464075724427,0.272664179752,45
STYRENO2,0.250518894538,0.461313532733,0.272664179752,45
STYRENOOH,0.249794323252,0.462545585532,0.272664179752,45
TBUTOL,0.00869432179557,0.459161549983,0.386483907348,38
TBUTOLNO3,0.529104170303,0.510846695986,0.517307191811,37
TBUTOLO,0.537350771294,0.513109249376,0.517307191811,37
TBUTOLO2,0.530375031678,0.511742938912,0.517307191811,37
TBUTOLOOH,0.53799847895,0.510130427658,0.517307191811,37
TC4H9NO3,0.00564651177733,0.440558146931,0.386483907348,38
TC4H9O,0.0,0.447220630437,0.386483907348,38
TC4H9O2,0.00288803932814,0.456910732881,0.386483907348,38
TC4H9OOH,0.00758190369072,0.439917236484,0.386483907348,38
TLBIPER2OH,0.214922609138,0.885053167018,0.521124316821,19
TLBIPERNO3,0.202306221073,0.887291468014,0.521124316821,19
TLBIPERO2,0.777891525307,0.761843941164,0.521124316821,-1
TLBIPEROOH,0.19831003273,0.890037150924,0.521124316821,19
TLEMUCCO3,0.273010568079,0.44684991973,0.521124316821,-1
TLEMUCO2,0.219352456971,0.913255285439,0.521124316821,19
TLEPOXMUC,0.217791624334,0.914230465617,0.521124316821,19
TLFUONE,0.715766074578,0.715948633087,0.0815476706862,14
TLOBIPEROH,0.197258289065,0.904470366554,0.521124316821,19
TMB1FUONE,0.66593904476,0.277891664385,0.0766027587403,40
TOL1O,0.207994249749,0.884905063653,0.521124316821,19
TOLUENE,0.194563719556,0.903461248621,0.521124316821,19
UDEC3ONE,0.20881431524,0.616129421816,0.344495532229,33
UDECNO3,0.210019399278,0.617518335356,0.312483733842,33
UDECO,0.210643380133,0.619028393892,0.312483733842,33
UDECO2,0.210575314831,0.617520628026,0.312483733842,33
UDECOH,0.211230166542,0.619805156736,0.312483733842,33
UDECOOH,0.213383895723,0.618952353669,0.312483733842,33
