          Martinez 92 quantum yield (Desai 86)
          isobutyralCO+RH
       202  9.29E-21      0.24
       206  4.55E-21      0.24
       210  2.27E-21      0.24
       214  1.63E-21      0.24
       218  1.09E-21      0.24
       222   6.2E-22      0.24
       226     7E-22      0.24
       230  1.05E-21      0.24
       234  1.66E-21      0.24
       238  2.61E-21      0.24
       242  4.02E-21      0.24
       246  6.01E-21      0.24
       250  8.73E-21      0.24
       254 1.223E-20      0.24
       258 1.659E-20      0.24
       262  2.19E-20      0.24
       266  2.76E-20      0.24
       270   3.4E-20      0.24
       274     4E-20      0.24
       278  4.63E-20      0.24
       280   4.9E-20      0.24
       281  5.03E-20      0.24
       282  5.08E-20      0.24
       283  5.17E-20      0.24
       284  5.29E-20      0.24
       285  5.42E-20      0.24
       286  5.57E-20      0.24
       287  5.66E-20      0.24
       288  5.69E-20      0.24
       289  5.75E-20      0.24
       290  5.78E-20      0.24
       291  5.75E-20      0.24
       292  5.76E-20      0.24
       293  5.79E-20      0.24
       294  5.83E-20      0.24
       295  5.88E-20      0.24
       296  5.86E-20      0.24
       297  5.75E-20      0.24
       298  5.68E-20      0.24
       299  5.64E-20      0.24
       300  5.55E-20      0.24
       301  5.42E-20      0.24
       302  5.37E-20      0.00
       303  5.31E-20      0.00
       304  5.24E-20      0.00
       305  5.17E-20      0.00
       306     5E-20      0.00
       307  4.73E-20      0.00
       308  4.52E-20      0.00
       309  4.38E-20      0.00
       310  4.25E-20      0.00
       311  4.08E-20      0.00
       312  3.93E-20      0.00
       313  3.82E-20      0.00
       314  3.68E-20      0.00
       315  3.55E-20      0.00
       316  3.41E-20      0.00
       317  3.14E-20      0.00
       318  2.79E-20      0.00
       319  2.55E-20      0.00
       320  2.38E-20      0.00
       321  2.24E-20      0.00
       322  2.09E-20      0.00
       323 1.931E-20      0.00
       324 1.811E-20      0.00
       325 1.694E-20      0.00
       326  1.56E-20      0.00
       327 1.458E-20      0.00
       328 1.343E-20      0.00
       329  1.15E-20      0.00
       330  9.18E-21      0.00
       331   7.6E-21      0.00
       332  6.61E-21      0.00
       333  5.79E-21      0.00
       334   5.1E-21      0.00
       335  4.45E-21      0.00
       336  3.73E-21      0.00
       337  3.17E-21      0.00
       338  2.79E-21      0.00
       339  2.38E-21      0.00
       340  1.87E-21      0.00
       341  1.65E-21      0.00
       342  1.38E-21      0.00
       343   7.7E-22      0.00
       344   4.7E-22      0.00
       345   3.4E-22      0.00
       346   2.5E-22      0.00
       347   1.9E-22      0.00
       348   1.5E-22      0.00
       349   1.3E-22      0.00
       350   1.1E-22      0.00
       351     1E-22      0.00
       352     9E-23      0.00
       353     8E-23      0.00
       354     5E-23      0.00
       355     4E-23      0.00
       356     3E-23      0.00
       357     1E-23      0.00
       358     1E-23      0.00
       359     1E-23      0.00
       360         0.      0.00
