Spectral Irradiance, W m-2 nm-1
values at z =      0.000 km
Columns: wavelength (nm), times (hrs.) or sza (deg.)
    wc, nm     12.000     14.000     16.000     18.000     20.000
    sza =       1.829     28.200     58.205     88.211    118.216
  280.5000  3.041E-15  4.521E-17  2.252E-26  4.721E-28  0.000E+00
  281.5000  1.164E-13  2.510E-15  7.751E-24  1.385E-25  0.000E+00
  282.5000  1.824E-12  5.413E-14  8.147E-22  1.250E-23  0.000E+00
  283.5000  9.874E-12  3.606E-13  1.527E-20  2.100E-22  0.000E+00
  284.5000  1.257E-10  6.887E-12  1.980E-18  2.205E-20  0.000E+00
  285.5000  5.423E-10  3.822E-11  4.580E-17  4.325E-19  0.000E+00
  286.5000  7.367E-09  6.439E-10  2.324E-15  1.921E-17  0.000E+00
  287.5000  4.932E-08  5.472E-09  6.775E-14  4.818E-16  0.000E+00
  288.5000  2.926E-07  4.206E-08  2.003E-12  1.211E-14  0.000E+00
  289.5000  1.813E-06  3.137E-07  3.925E-11  2.113E-13  0.000E+00
  290.5000  8.033E-06  1.625E-06  4.590E-10  2.242E-12  0.000E+00
  291.5000  2.836E-05  6.847E-06  4.881E-09  2.143E-11  0.000E+00
  292.5000  7.444E-05  2.078E-05  3.162E-08  1.280E-10  0.000E+00
  293.5000  2.329E-04  7.451E-05  2.318E-07  8.735E-10  0.000E+00
  294.5000  4.713E-04  1.678E-04  9.127E-07  3.276E-09  0.000E+00
  295.5000  1.266E-03  5.046E-04  4.977E-06  1.707E-08  0.000E+00
  296.5000  2.334E-03  1.023E-03  1.652E-05  5.516E-08  0.000E+00
  297.5000  4.697E-03  2.235E-03  5.566E-05  1.829E-07  0.000E+00
  298.5000  5.836E-03  2.977E-03  1.067E-04  3.494E-07  0.000E+00
  299.5000  1.354E-02  7.374E-03  3.729E-04  1.226E-06  0.000E+00
  300.5000  1.308E-02  7.494E-03  4.928E-04  1.645E-06  0.000E+00
  301.5000  2.685E-02  1.624E-02  1.421E-03  4.881E-06  0.000E+00
  302.5000  3.421E-02  2.145E-02  2.262E-03  7.995E-06  0.000E+00
  303.5000  5.994E-02  3.920E-02  5.155E-03  1.916E-05  0.000E+00
  304.5000  6.663E-02  4.466E-02  6.667E-03  2.573E-05  0.000E+00
  305.5000  9.017E-02  6.266E-02  1.131E-02  4.705E-05  0.000E+00
  306.5000  9.519E-02  6.719E-02  1.315E-02  5.691E-05  0.000E+00
  307.5000  1.401E-01  1.019E-01  2.332E-02  1.115E-04  0.000E+00
  308.5000  1.581E-01  1.164E-01  2.828E-02  1.416E-04  0.000E+00
  309.5000  1.413E-01  1.060E-01  2.857E-02  1.581E-04  0.000E+00
  310.5000  1.942E-01  1.479E-01  4.290E-02  2.603E-04  0.000E+00
  311.5000  2.516E-01  1.933E-01  5.889E-02  3.824E-04  0.000E+00
  312.5000  2.482E-01  1.939E-01  6.442E-02  4.922E-04  0.000E+00
  313.5000  2.822E-01  2.214E-01  7.513E-02  5.997E-04  0.000E+00
  314.5000  2.846E-01  2.265E-01  8.276E-02  8.071E-04  0.000E+00
  315.5000  2.944E-01  2.349E-01  8.694E-02  8.814E-04  0.000E+00
  316.5000  2.952E-01  2.381E-01  9.335E-02  1.176E-03  0.000E+00
  317.5000  4.175E-01  3.369E-01  1.322E-01  1.662E-03  0.000E+00
  318.5000  3.303E-01  2.693E-01  1.114E-01  1.808E-03  0.000E+00
  319.5000  4.035E-01  3.296E-01  1.378E-01  2.363E-03  0.000E+00
  320.5000  4.915E-01  4.025E-01  1.704E-01  3.126E-03  0.000E+00
  321.5000  4.194E-01  3.466E-01  1.539E-01  3.899E-03  0.000E+00
  322.5000  4.206E-01  3.454E-01  1.481E-01  2.890E-03  0.000E+00
  323.5000  4.356E-01  3.616E-01  1.643E-01  4.878E-03  0.000E+00
  324.5000  5.110E-01  4.242E-01  1.925E-01  5.606E-03  0.000E+00
  325.5000  5.722E-01  4.746E-01  2.139E-01  5.849E-03  0.000E+00
  326.5000  6.943E-01  5.802E-01  2.719E-01  1.033E-02  0.000E+00
  327.5000  6.460E-01  5.387E-01  2.496E-01  8.470E-03  0.000E+00
  328.5000  5.963E-01  4.974E-01  2.308E-01  7.837E-03  0.000E+00
  329.5000  7.740E-01  6.492E-01  3.101E-01  1.371E-02  0.000E+00
  330.5000  7.031E-01  5.886E-01  2.781E-01  1.097E-02  0.000E+00
  331.5000  6.945E-01  5.814E-01  2.742E-01  1.056E-02  0.000E+00
  332.5000  6.842E-01  5.751E-01  2.771E-01  1.301E-02  0.000E+00
  333.5000  6.426E-01  5.394E-01  2.578E-01  1.109E-02  0.000E+00
  334.5000  7.178E-01  6.032E-01  2.899E-01  1.302E-02  0.000E+00
  335.5000  7.275E-01  6.126E-01  2.975E-01  1.475E-02  0.000E+00
  336.5000  5.686E-01  4.787E-01  2.320E-01  1.116E-02  0.000E+00
  337.5000  6.238E-01  5.247E-01  2.528E-01  1.134E-02  0.000E+00
  338.5000  6.583E-01  5.549E-01  2.703E-01  1.346E-02  0.000E+00
  339.5000  7.154E-01  6.033E-01  2.946E-01  1.487E-02  0.000E+00
  340.5000  7.646E-01  6.445E-01  3.138E-01  1.523E-02  0.000E+00
  341.5000  6.789E-01  5.730E-01  2.806E-01  1.438E-02  0.000E+00
  342.5000  7.518E-01  6.348E-01  3.115E-01  1.612E-02  0.000E+00
  343.5000  7.806E-01  6.591E-01  3.231E-01  1.641E-02  0.000E+00
  344.5000  5.469E-01  4.617E-01  2.261E-01  1.124E-02  0.000E+00
  345.5000  7.491E-01  6.331E-01  3.118E-01  1.636E-02  0.000E+00
  346.5000  7.005E-01  5.919E-01  2.909E-01  1.476E-02  0.000E+00
  347.5000  6.842E-01  5.783E-01  2.845E-01  1.449E-02  0.000E+00
  348.5000  7.516E-01  6.356E-01  3.133E-01  1.615E-02  0.000E+00
  349.5000  6.296E-01  5.325E-01  2.627E-01  1.351E-02  0.000E+00
  350.5000  8.812E-01  7.456E-01  3.682E-01  1.899E-02  0.000E+00
  351.5000  7.592E-01  6.424E-01  3.174E-01  1.629E-02  0.000E+00
  352.5000  6.844E-01  5.793E-01  2.866E-01  1.476E-02  0.000E+00
  353.5000  8.236E-01  6.973E-01  3.454E-01  1.790E-02  0.000E+00
  354.5000  8.910E-01  7.547E-01  3.743E-01  1.949E-02  0.000E+00
  355.5000  8.323E-01  7.052E-01  3.500E-01  1.823E-02  0.000E+00
  356.5000  7.721E-01  6.543E-01  3.250E-01  1.692E-02  0.000E+00
  357.5000  6.563E-01  5.563E-01  2.766E-01  1.438E-02  0.000E+00
  358.5000  5.062E-01  4.292E-01  2.136E-01  1.113E-02  0.000E+00
  359.5000  8.517E-01  7.222E-01  3.597E-01  1.874E-02  0.000E+00
  360.5000  7.891E-01  6.693E-01  3.337E-01  1.739E-02  0.000E+00
  361.5000  7.111E-01  6.034E-01  3.011E-01  1.571E-02  0.000E+00
  362.5000  8.348E-01  7.084E-01  3.538E-01  1.848E-02  0.000E+00
  363.5000  7.423E-01  6.301E-01  3.149E-01  1.646E-02  0.000E+00
  364.5000  8.095E-01  6.872E-01  3.438E-01  1.795E-02  0.000E+00
  365.5000  9.860E-01  8.373E-01  4.191E-01  2.186E-02  0.000E+00
  366.5000  1.043E+00  8.860E-01  4.439E-01  2.317E-02  0.000E+00
  367.5000  9.900E-01  8.411E-01  4.217E-01  2.203E-02  0.000E+00
  368.5000  8.694E-01  7.388E-01  3.707E-01  1.936E-02  0.000E+00
  369.5000  1.042E+00  8.860E-01  4.450E-01  2.324E-02  0.000E+00
  370.5000  9.454E-01  8.037E-01  4.040E-01  2.109E-02  0.000E+00
  371.5000  1.081E+00  9.195E-01  4.625E-01  2.415E-02  0.000E+00
  372.5000  7.985E-01  6.791E-01  3.419E-01  1.785E-02  0.000E+00
  373.5000  7.215E-01  6.137E-01  3.092E-01  1.613E-02  0.000E+00
  374.5000  7.916E-01  6.735E-01  3.395E-01  1.771E-02  0.000E+00
  375.5000  8.928E-01  7.598E-01  3.833E-01  2.000E-02  0.000E+00
  376.5000  8.912E-01  7.586E-01  3.830E-01  1.998E-02  0.000E+00
  377.5000  1.061E+00  9.032E-01  4.564E-01  2.381E-02  0.000E+00
  378.5000  1.156E+00  9.843E-01  4.978E-01  2.596E-02  0.000E+00
  379.5000  8.549E-01  7.281E-01  3.685E-01  1.921E-02  0.000E+00
  380.5000  1.028E+00  8.755E-01  4.434E-01  2.311E-02  0.000E+00
  381.5000  9.655E-01  8.226E-01  4.169E-01  2.173E-02  0.000E+00
  382.5000  6.431E-01  5.481E-01  2.780E-01  1.449E-02  0.000E+00
  383.5000  5.646E-01  4.812E-01  2.443E-01  1.272E-02  0.000E+00
  384.5000  8.470E-01  7.221E-01  3.668E-01  1.910E-02  0.000E+00
  385.5000  8.377E-01  7.143E-01  3.631E-01  1.891E-02  0.000E+00
  386.5000  8.537E-01  7.281E-01  3.704E-01  1.928E-02  0.000E+00
  387.5000  7.931E-01  6.766E-01  3.444E-01  1.793E-02  0.000E+00
  388.5000  7.948E-01  6.781E-01  3.454E-01  1.798E-02  0.000E+00
  389.5000  1.002E+00  8.550E-01  4.359E-01  2.268E-02  0.000E+00
  390.5000  9.839E-01  8.397E-01  4.284E-01  2.229E-02  0.000E+00
  391.5000  1.167E+00  9.961E-01  5.085E-01  2.645E-02  0.000E+00
  392.5000  8.748E-01  7.469E-01  3.816E-01  1.984E-02  0.000E+00
  393.5000  3.802E-01  3.247E-01  1.660E-01  8.631E-03  0.000E+00
  394.5000  8.945E-01  7.640E-01  3.908E-01  2.032E-02  0.000E+00
  395.5000  1.151E+00  9.829E-01  5.032E-01  2.615E-02  0.000E+00
  396.5000  6.755E-01  5.771E-01  2.956E-01  1.536E-02  0.000E+00
  397.5000  7.792E-01  6.659E-01  3.414E-01  1.774E-02  0.000E+00
  398.5000  1.339E+00  1.144E+00  5.870E-01  3.049E-02  0.000E+00
  399.5000  1.392E+00  1.190E+00  6.109E-01  3.173E-02  0.000E+00
  400.5000  1.463E+00  1.251E+00  6.426E-01  3.337E-02  0.000E+00
  401.5000  1.505E+00  1.287E+00  6.616E-01  3.434E-02  0.000E+00
  402.5000  1.562E+00  1.336E+00  6.872E-01  3.567E-02  0.000E+00
  403.5000  1.430E+00  1.223E+00  6.294E-01  3.266E-02  0.000E+00
  404.5000  1.402E+00  1.199E+00  6.177E-01  3.205E-02  0.000E+00
  405.5000  1.456E+00  1.246E+00  6.421E-01  3.331E-02  0.000E+00
  406.5000  1.371E+00  1.173E+00  6.051E-01  3.138E-02  0.000E+00
  407.5000  1.382E+00  1.183E+00  6.104E-01  3.164E-02  0.000E+00
  408.5000  1.539E+00  1.317E+00  6.803E-01  3.525E-02  0.000E+00
  409.5000  1.508E+00  1.291E+00  6.673E-01  3.456E-02  0.000E+00
  410.5000  1.308E+00  1.120E+00  5.790E-01  2.999E-02  0.000E+00
  411.5000  1.571E+00  1.346E+00  6.964E-01  3.606E-02  0.000E+00
  412.5000  1.557E+00  1.334E+00  6.906E-01  3.576E-02  0.000E+00
  413.5000  1.510E+00  1.294E+00  6.702E-01  3.470E-02  0.000E+00
  414.5000  1.552E+00  1.330E+00  6.892E-01  3.568E-02  0.000E+00
  415.5000  1.484E+00  1.272E+00  6.596E-01  3.413E-02  0.000E+00
  416.5000  1.615E+00  1.384E+00  7.183E-01  3.715E-02  0.000E+00
  417.5000  1.476E+00  1.265E+00  6.570E-01  3.397E-02  0.000E+00
  418.5000  1.487E+00  1.275E+00  6.626E-01  3.425E-02  0.000E+00
  419.5000  1.536E+00  1.317E+00  6.848E-01  3.540E-02  0.000E+00
------------------------------------------------------------
Dose rates, W m-2
   1 = UV-B, 280-315 nm                                  
   2 = UV-A, 315-400 nm                                  
   3 = Gaussian, 320 nm, 10 nm FWHM                      
   4 = RB Meter, model 501                               
   5 = DNA damage, in vitro (Setlow, 1974)               
   6 = UV index (WMO, 1994)                              
   7 = Previtamin-D3 (CIE 2006)                          
values at z =      0.000 km
Columns: time, sza, weighting spectra
time, hrs.  sza, deg.          1          2          3          4          5          6          7
   12.0000      1.829  2.115E+00  6.471E+01  4.146E-01  6.246E-01  2.174E-01  1.187E+01  5.943E-01
   14.0000     28.200  1.581E+00  5.477E+01  3.394E-01  4.561E-01  1.393E-01  8.537E+00  4.193E-01
   16.0000     58.205  4.453E-01  2.704E+01  1.440E-01  1.238E-01  2.366E-02  2.322E+00  9.392E-02
   18.0000     88.211  3.118E-03  1.323E+00  3.209E-03  1.415E-03  2.026E-04  4.176E-02  6.053E-04
   20.0000    118.216  0.000E+00  0.000E+00  0.000E+00  0.000E+00  0.000E+00  0.000E+00  0.000E+00
------------------------------------------------------------
