Spectral actinic flux, quanta cm-2 s-1 nm-1
values at z =      0.500 km
Columns: wavelength (nm), times (hrs.) or sza (deg.)
    wc, nm     12.000     14.000     16.000     18.000     20.000
    sza =       1.829     28.200     58.205     88.211    118.216
  120.7000  0.000E+00  0.000E+00  0.000E+00  0.000E+00  0.000E+00
  121.6500  0.000E+00  0.000E+00  0.000E+00  0.000E+00  0.000E+00
  122.1000  0.000E+00  0.000E+00  0.000E+00  0.000E+00  0.000E+00
  122.7000  0.000E+00  0.000E+00  0.000E+00  0.000E+00  0.000E+00
  123.4500  0.000E+00  0.000E+00  0.000E+00  0.000E+00  0.000E+00
  124.2000  0.000E+00  0.000E+00  0.000E+00  0.000E+00  0.000E+00
  125.0000  0.000E+00  0.000E+00  0.000E+00  0.000E+00  0.000E+00
  125.8000  0.000E+00  0.000E+00  0.000E+00  0.000E+00  0.000E+00
  126.6000  0.000E+00  0.000E+00  0.000E+00  0.000E+00  0.000E+00
  127.8000  0.000E+00  0.000E+00  0.000E+00  0.000E+00  0.000E+00
  129.0000  0.000E+00  0.000E+00  0.000E+00  0.000E+00  0.000E+00
  129.8500  0.000E+00  0.000E+00  0.000E+00  0.000E+00  0.000E+00
  131.1500  0.000E+00  0.000E+00  0.000E+00  0.000E+00  0.000E+00
  133.5000  0.000E+00  0.000E+00  0.000E+00  0.000E+00  0.000E+00
  136.0000  0.000E+00  0.000E+00  0.000E+00  0.000E+00  0.000E+00
  141.0000  0.000E+00  0.000E+00  0.000E+00  0.000E+00  0.000E+00
  150.0000  0.000E+00  0.000E+00  0.000E+00  0.000E+00  0.000E+00
  160.0000  0.000E+00  0.000E+00  0.000E+00  0.000E+00  0.000E+00
  167.5000  0.000E+00  0.000E+00  0.000E+00  0.000E+00  0.000E+00
  172.2000  0.000E+00  0.000E+00  0.000E+00  0.000E+00  0.000E+00
  175.7000  0.000E+00  0.000E+00  0.000E+00  0.000E+00  0.000E+00
  177.8000  0.000E+00  0.000E+00  0.000E+00  0.000E+00  0.000E+00
  179.4000  0.000E+00  0.000E+00  0.000E+00  0.000E+00  0.000E+00
  181.0000  0.000E+00  0.000E+00  0.000E+00  0.000E+00  0.000E+00
  182.6500  0.000E+00  0.000E+00  0.000E+00  0.000E+00  0.000E+00
  184.3500  0.000E+00  0.000E+00  0.000E+00  0.000E+00  0.000E+00
  186.0500  0.000E+00  0.000E+00  0.000E+00  0.000E+00  0.000E+00
  187.8000  0.000E+00  0.000E+00  0.000E+00  0.000E+00  0.000E+00
  189.6000  0.000E+00  0.000E+00  0.000E+00  0.000E+00  0.000E+00
  191.4000  0.000E+00  0.000E+00  0.000E+00  0.000E+00  0.000E+00
  193.2500  0.000E+00  0.000E+00  0.000E+00  0.000E+00  0.000E+00
  195.1500  0.000E+00  0.000E+00  0.000E+00  0.000E+00  0.000E+00
  197.0500  0.000E+00  0.000E+00  0.000E+00  0.000E+00  0.000E+00
  199.0000  0.000E+00  0.000E+00  0.000E+00  0.000E+00  0.000E+00
  201.0000  0.000E+00  0.000E+00  0.000E+00  0.000E+00  0.000E+00
  203.0500  0.000E+00  0.000E+00  0.000E+00  0.000E+00  0.000E+00
  204.9500  0.000E+00  0.000E+00  0.000E+00  0.000E+00  0.000E+00
  207.0665  0.000E+00  0.000E+00  0.000E+00  0.000E+00  0.000E+00
  209.4295  0.000E+00  0.000E+00  0.000E+00  0.000E+00  0.000E+00
  211.6460  0.000E+00  0.000E+00  0.000E+00  0.000E+00  0.000E+00
  213.9100  0.000E+00  0.000E+00  0.000E+00  0.000E+00  0.000E+00
  216.2225  0.000E+00  0.000E+00  0.000E+00  0.000E+00  0.000E+00
  218.5855  0.000E+00  0.000E+00  0.000E+00  0.000E+00  0.000E+00
  221.0010  0.000E+00  0.000E+00  0.000E+00  0.000E+00  0.000E+00
  223.4705  0.000E+00  0.000E+00  0.000E+00  0.000E+00  0.000E+00
  225.9960  0.000E+00  0.000E+00  0.000E+00  0.000E+00  0.000E+00
  228.5790  0.000E+00  0.000E+00  0.000E+00  0.000E+00  0.000E+00
  231.2215  0.000E+00  0.000E+00  0.000E+00  0.000E+00  0.000E+00
  233.9260  0.000E+00  0.000E+00  0.000E+00  0.000E+00  0.000E+00
  236.6945  0.000E+00  0.000E+00  0.000E+00  0.000E+00  0.000E+00
  239.5295  0.000E+00  0.000E+00  0.000E+00  0.000E+00  0.000E+00
  242.4330  0.000E+00  0.000E+00  0.000E+00  0.000E+00  0.000E+00
  245.4080  0.000E+00  0.000E+00  0.000E+00  0.000E+00  0.000E+00
  248.4570  0.000E+00  0.000E+00  0.000E+00  0.000E+00  0.000E+00
  251.5825  0.000E+00  0.000E+00  0.000E+00  0.000E+00  0.000E+00
  254.7875  0.000E+00  0.000E+00  0.000E+00  0.000E+00  0.000E+00
  258.0750  0.000E+00  0.000E+00  0.000E+00  0.000E+00  0.000E+00
  261.4490  0.000E+00  0.000E+00  0.000E+00  0.000E+00  0.000E+00
  264.9125  0.000E+00  0.000E+00  0.000E+00  0.000E+00  0.000E+00
  268.4685  0.000E+00  0.000E+00  0.000E+00  0.000E+00  0.000E+00
  272.1215  0.000E+00  0.000E+00  0.000E+00  0.000E+00  0.000E+00
  275.8755  0.000E+00  0.000E+00  0.000E+00  0.000E+00  0.000E+00
  279.7340  0.000E+00  0.000E+00  0.000E+00  0.000E+00  0.000E+00
  283.7020  0.000E+00  0.000E+00  0.000E+00  0.000E+00  0.000E+00
  287.7845  0.000E+00  0.000E+00  0.000E+00  0.000E+00  0.000E+00
  291.9865  1.259E+10  3.535E+09  9.571E+06  3.643E+05  0.000E+00
  296.3090  5.615E+11  2.594E+11  4.826E+09  5.601E+07  0.000E+00
  300.5000  4.725E+12  2.912E+12  2.213E+11  1.107E+09  0.000E+00
  303.0000  1.588E+13  1.098E+13  1.520E+12  5.756E+09  0.000E+00
  304.0000  1.830E+13  1.302E+13  2.084E+12  7.520E+09  0.000E+00
  305.0000  2.670E+13  1.967E+13  3.787E+12  1.306E+10  0.000E+00
  306.0000  2.620E+13  1.974E+13  4.286E+12  1.456E+10  0.000E+00
  307.0000  3.527E+13  2.721E+13  6.707E+12  2.277E+10  0.000E+00
  308.0000  4.305E+13  3.396E+13  9.403E+12  3.276E+10  0.000E+00
  309.0000  4.574E+13  3.653E+13  1.081E+13  3.854E+10  0.000E+00
  310.0000  4.685E+13  3.826E+13  1.276E+13  4.968E+10  0.000E+00
  311.0000  8.021E+13  6.615E+13  2.321E+13  9.498E+10  0.000E+00
  312.0000  7.332E+13  6.127E+13  2.307E+13  1.041E+11  0.000E+00
  313.0000  8.386E+13  7.099E+13  2.864E+13  1.480E+11  0.000E+00
  314.0000  9.249E+13  7.873E+13  3.268E+13  1.788E+11  0.000E+00
  316.0000  9.792E+13  8.494E+13  3.895E+13  2.931E+11  0.000E+00
  320.0000  1.302E+14  1.154E+14  5.914E+13  7.459E+11  0.000E+00
  325.0000  1.714E+14  1.546E+14  8.678E+13  1.926E+12  0.000E+00
  330.0000  2.161E+14  1.969E+14  1.161E+14  3.464E+12  0.000E+00
  335.0000  2.080E+14  1.909E+14  1.167E+14  4.223E+12  0.000E+00
  340.0000  2.276E+14  2.100E+14  1.314E+14  5.170E+12  0.000E+00
  345.0000  2.256E+14  2.089E+14  1.333E+14  5.477E+12  0.000E+00
  350.0000  2.368E+14  2.201E+14  1.426E+14  5.881E+12  0.000E+00
  355.0000  2.515E+14  2.345E+14  1.544E+14  6.479E+12  0.000E+00
  360.0000  2.309E+14  2.160E+14  1.442E+14  6.123E+12  0.000E+00
  365.0000  2.949E+14  2.766E+14  1.872E+14  8.030E+12  0.000E+00
  370.0000  3.079E+14  2.896E+14  1.985E+14  8.595E+12  0.000E+00
  375.0000  2.794E+14  2.635E+14  1.828E+14  7.985E+12  0.000E+00
  380.0000  3.227E+14  3.050E+14  2.140E+14  9.441E+12  0.000E+00
  385.0000  2.444E+14  2.315E+14  1.642E+14  7.316E+12  0.000E+00
  390.0000  3.207E+14  3.044E+14  2.182E+14  9.821E+12  0.000E+00
  395.0000  2.500E+14  2.377E+14  1.721E+14  7.828E+12  0.000E+00
  400.0000  4.664E+14  4.444E+14  3.247E+14  1.493E+13  0.000E+00
  405.0000  4.779E+14  4.562E+14  3.363E+14  1.563E+13  0.000E+00
  410.0000  4.953E+14  4.736E+14  3.520E+14  1.653E+13  0.000E+00
  415.0000  5.188E+14  4.968E+14  3.722E+14  1.768E+13  0.000E+00
  420.0000  5.264E+14  5.048E+14  3.811E+14  1.829E+13  0.000E+00
  425.0000  5.051E+14  4.850E+14  3.688E+14  1.787E+13  0.000E+00
  430.0000  4.685E+14  4.505E+14  3.449E+14  1.690E+13  0.000E+00
  435.0000  5.468E+14  5.264E+14  4.056E+14  2.007E+13  0.000E+00
  440.0000  5.655E+14  5.450E+14  4.225E+14  2.105E+13  0.000E+00
  445.0000  6.108E+14  5.892E+14  4.594E+14  2.309E+13  0.000E+00
  450.0000  6.532E+14  6.308E+14  4.946E+14  2.509E+13  0.000E+00
  455.0000  6.429E+14  6.214E+14  4.897E+14  2.505E+13  0.000E+00
  460.0000  6.650E+14  6.432E+14  5.091E+14  2.599E+13  0.000E+00
  465.0000  6.613E+14  6.402E+14  5.093E+14  2.626E+13  0.000E+00
  470.0000  6.615E+14  6.409E+14  5.121E+14  2.660E+13  0.000E+00
  475.0000  6.730E+14  6.525E+14  5.235E+14  2.731E+13  0.000E+00
  480.0000  6.956E+14  6.747E+14  5.427E+14  2.793E+13  0.000E+00
  485.0000  6.354E+14  6.168E+14  4.980E+14  2.573E+13  0.000E+00
  490.0000  6.658E+14  6.467E+14  5.242E+14  2.738E+13  0.000E+00
  495.0000  6.821E+14  6.629E+14  5.390E+14  2.820E+13  0.000E+00
  500.0000  6.536E+14  6.354E+14  5.176E+14  2.665E+13  0.000E+00
  505.0000  6.669E+14  6.484E+14  5.287E+14  2.654E+13  0.000E+00
  510.0000  6.655E+14  6.473E+14  5.297E+14  2.689E+13  0.000E+00
  515.0000  6.205E+14  6.039E+14  4.955E+14  2.524E+13  0.000E+00
  520.0000  6.414E+14  6.243E+14  5.133E+14  2.599E+13  0.000E+00
  525.0000  6.464E+14  6.293E+14  5.177E+14  2.566E+13  0.000E+00
  530.0000  6.835E+14  6.653E+14  5.474E+14  2.625E+13  0.000E+00
  535.0000  6.659E+14  6.483E+14  5.341E+14  2.538E+13  0.000E+00
  540.0000  6.704E+14  6.529E+14  5.391E+14  2.571E+13  0.000E+00
  545.0000  6.837E+14  6.659E+14  5.504E+14  2.594E+13  0.000E+00
  550.0000  6.894E+14  6.716E+14  5.558E+14  2.603E+13  0.000E+00
  555.0000  6.874E+14  6.698E+14  5.553E+14  2.587E+13  0.000E+00
  560.0000  6.730E+14  6.557E+14  5.434E+14  2.470E+13  0.000E+00
  565.0000  6.768E+14  6.593E+14  5.462E+14  2.415E+13  0.000E+00
  570.0000  6.762E+14  6.587E+14  5.459E+14  2.378E+13  0.000E+00
  575.0000  6.915E+14  6.737E+14  5.590E+14  2.430E+13  0.000E+00
  580.0000  6.851E+14  6.677E+14  5.556E+14  2.476E+13  0.000E+00
  585.0000  6.904E+14  6.732E+14  5.618E+14  2.570E+13  0.000E+00
  590.0000  6.703E+14  6.538E+14  5.465E+14  2.528E+13  0.000E+00
  595.0000  6.870E+14  6.700E+14  5.601E+14  2.553E+13  0.000E+00
  600.0000  6.734E+14  6.566E+14  5.486E+14  2.445E+13  0.000E+00
  605.0000  6.853E+14  6.683E+14  5.592E+14  2.513E+13  0.000E+00
  610.0000  6.819E+14  6.654E+14  5.588E+14  2.619E+13  0.000E+00
  615.0000  6.710E+14  6.552E+14  5.524E+14  2.714E+13  0.000E+00
  620.0000  6.858E+14  6.700E+14  5.668E+14  2.895E+13  0.000E+00
  625.0000  6.760E+14  6.607E+14  5.605E+14  2.956E+13  0.000E+00
  630.0000  6.818E+14  6.667E+14  5.672E+14  3.096E+13  0.000E+00
  635.0000  6.820E+14  6.672E+14  5.694E+14  3.224E+13  0.000E+00
  640.0000  6.791E+14  6.647E+14  5.690E+14  3.345E+13  0.000E+00
  644.8000  6.799E+14  6.657E+14  5.715E+14  3.472E+13  0.000E+00
  651.0500  6.772E+14  6.634E+14  5.711E+14  3.597E+13  0.000E+00
  660.0000  6.505E+14  6.377E+14  5.513E+14  3.657E+13  0.000E+00
  670.0000  6.769E+14  6.640E+14  5.767E+14  4.052E+13  0.000E+00
  680.0000  6.736E+14  6.611E+14  5.765E+14  4.261E+13  0.000E+00
  690.0000  6.726E+14  6.604E+14  5.778E+14  4.463E+13  0.000E+00
  700.0000  6.695E+14  6.577E+14  5.774E+14  4.663E+13  0.000E+00
  710.0000  6.618E+14  6.504E+14  5.724E+14  4.785E+13  0.000E+00
  720.0000  6.479E+14  6.368E+14  5.618E+14  4.846E+13  0.000E+00
  730.0000  6.405E+14  6.298E+14  5.569E+14  4.971E+13  0.000E+00
------------------------------------------------------------
Photolysis rate coefficients, s-1
   1 = O3 -> O2 + O(1D)                                  
   2 = H2O2 -> 2 OH                                      
   3 = NO2 -> NO + O(3P)                                 
   4 = NO3 -> NO + O2                                    
   5 = NO3 -> NO2 + O(3P)                                
   6 = CH2O -> H + HCO                                   
   7 = CH2O -> H2 + CO                                   
values at z =      0.500 km
Columns: time, sza, photo-reactions
time, hrs.  sza, deg.          1          2          3          4          5          6          7
   12.0000      1.829  5.292E-05  1.028E-05  1.196E-02  2.671E-02  2.165E-01  4.601E-05  6.493E-05
   14.0000     28.200  4.013E-05  9.067E-06  1.121E-02  2.606E-02  2.108E-01  3.996E-05  5.863E-05
   16.0000     58.205  1.112E-05  4.804E-06  7.629E-03  2.189E-02  1.740E-01  1.940E-05  3.358E-05
   18.0000     88.211  8.195E-08  1.299E-07  3.240E-04  1.040E-03  8.211E-03  3.396E-07  1.005E-06
   20.0000    118.216  0.000E+00  0.000E+00  0.000E+00  0.000E+00  0.000E+00  0.000E+00  0.000E+00
------------------------------------------------------------
