2.100000000000000000e+02 0.000000000000000000e+00
2.110000000000000000e+02 0.000000000000000000e+00
2.120000000000000000e+02 0.000000000000000000e+00
2.130000000000000000e+02 0.000000000000000000e+00
2.140000000000000000e+02 0.000000000000000000e+00
2.150000000000000000e+02 0.000000000000000000e+00
2.160000000000000000e+02 0.000000000000000000e+00
2.170000000000000000e+02 0.000000000000000000e+00
2.180000000000000000e+02 0.000000000000000000e+00
2.190000000000000000e+02 0.000000000000000000e+00
2.200000000000000000e+02 0.000000000000000000e+00
2.210000000000000000e+02 0.000000000000000000e+00
2.220000000000000000e+02 0.000000000000000000e+00
2.230000000000000000e+02 0.000000000000000000e+00
2.240000000000000000e+02 0.000000000000000000e+00
2.250000000000000000e+02 0.000000000000000000e+00
2.260000000000000000e+02 0.000000000000000000e+00
2.270000000000000000e+02 0.000000000000000000e+00
2.280000000000000000e+02 0.000000000000000000e+00
2.290000000000000000e+02 0.000000000000000000e+00
2.300000000000000000e+02 0.000000000000000000e+00
2.310000000000000000e+02 0.000000000000000000e+00
2.320000000000000000e+02 0.000000000000000000e+00
2.330000000000000000e+02 0.000000000000000000e+00
2.340000000000000000e+02 0.000000000000000000e+00
2.350000000000000000e+02 0.000000000000000000e+00
2.360000000000000000e+02 0.000000000000000000e+00
2.370000000000000000e+02 0.000000000000000000e+00
2.380000000000000000e+02 0.000000000000000000e+00
2.390000000000000000e+02 0.000000000000000000e+00
2.400000000000000000e+02 0.000000000000000000e+00
2.410000000000000000e+02 0.000000000000000000e+00
2.420000000000000000e+02 0.000000000000000000e+00
2.430000000000000000e+02 0.000000000000000000e+00
2.440000000000000000e+02 0.000000000000000000e+00
2.450000000000000000e+02 0.000000000000000000e+00
2.460000000000000000e+02 0.000000000000000000e+00
2.470000000000000000e+02 0.000000000000000000e+00
2.480000000000000000e+02 0.000000000000000000e+00
2.490000000000000000e+02 0.000000000000000000e+00
2.500000000000000000e+02 0.000000000000000000e+00
2.510000000000000000e+02 0.000000000000000000e+00
2.520000000000000000e+02 0.000000000000000000e+00
2.530000000000000000e+02 0.000000000000000000e+00
2.540000000000000000e+02 0.000000000000000000e+00
2.550000000000000000e+02 0.000000000000000000e+00
2.560000000000000000e+02 0.000000000000000000e+00
2.570000000000000000e+02 0.000000000000000000e+00
2.580000000000000000e+02 0.000000000000000000e+00
2.590000000000000000e+02 0.000000000000000000e+00
2.600000000000000000e+02 0.000000000000000000e+00
2.610000000000000000e+02 0.000000000000000000e+00
2.620000000000000000e+02 0.000000000000000000e+00
2.630000000000000000e+02 0.000000000000000000e+00
2.640000000000000000e+02 0.000000000000000000e+00
2.650000000000000000e+02 0.000000000000000000e+00
2.660000000000000000e+02 0.000000000000000000e+00
2.670000000000000000e+02 0.000000000000000000e+00
2.680000000000000000e+02 0.000000000000000000e+00
2.690000000000000000e+02 0.000000000000000000e+00
2.700000000000000000e+02 0.000000000000000000e+00
2.710000000000000000e+02 0.000000000000000000e+00
2.720000000000000000e+02 0.000000000000000000e+00
2.730000000000000000e+02 0.000000000000000000e+00
2.740000000000000000e+02 0.000000000000000000e+00
2.750000000000000000e+02 0.000000000000000000e+00
2.760000000000000000e+02 0.000000000000000000e+00
2.770000000000000000e+02 0.000000000000000000e+00
2.780000000000000000e+02 0.000000000000000000e+00
2.790000000000000000e+02 0.000000000000000000e+00
2.800000000000000000e+02 0.000000000000000000e+00
2.810000000000000000e+02 0.000000000000000000e+00
2.820000000000000000e+02 0.000000000000000000e+00
2.830000000000000000e+02 0.000000000000000000e+00
2.840000000000000000e+02 0.000000000000000000e+00
2.850000000000000000e+02 0.000000000000000000e+00
2.860000000000000000e+02 0.000000000000000000e+00
2.870000000000000000e+02 0.000000000000000000e+00
2.880000000000000000e+02 0.000000000000000000e+00
2.890000000000000000e+02 0.000000000000000000e+00
2.900000000000000000e+02 0.000000000000000000e+00
2.910000000000000000e+02 0.000000000000000000e+00
2.920000000000000000e+02 1.709853333333333347e-07
2.930000000000000000e+02 6.299820000000000358e-07
2.940000000000000000e+02 2.166618666666666902e-06
2.950000000000000000e+02 5.810318666666666423e-06
2.960000000000000000e+02 1.778355200000000235e-05
2.970000000000000000e+02 3.320685199999999748e-05
2.980000000000000000e+02 7.978051866666666168e-05
2.990000000000000000e+02 1.503955519999999890e-04
3.000000000000000000e+02 2.526639519999999669e-04
3.010000000000000000e+02 4.487060853333333320e-04
3.020000000000000000e+02 6.988484519999999976e-04
3.030000000000000000e+02 1.233681418666666583e-03
3.040000000000000000e+02 1.872443751999999708e-03
3.050000000000000000e+02 2.845773285333333576e-03
3.060000000000000000e+02 3.828119518666666960e-03
3.070000000000000000e+02 5.190116485333333245e-03
3.080000000000000000e+02 6.898544718666665618e-03
3.090000000000000000e+02 8.740799851999998815e-03
3.100000000000000000e+02 1.068081505199999955e-02
3.110000000000000000e+02 1.404119848533333208e-02
3.120000000000000000e+02 1.716192741866666774e-02
3.130000000000000000e+02 2.078759181866666680e-02
3.140000000000000000e+02 2.481046578533333338e-02
3.150000000000000000e+02 2.907204511866666452e-02
3.160000000000000000e+02 3.256293348533333132e-02
3.170000000000000000e+02 3.795397371866666980e-02
3.180000000000000000e+02 4.272333591866666475e-02
3.190000000000000000e+02 4.826623645200000395e-02
3.200000000000000000e+02 5.446878011866666813e-02
3.210000000000000000e+02 6.110317648533333812e-02
3.220000000000000000e+02 6.775638440000000817e-02
3.230000000000000000e+02 7.363102030333332215e-02
3.240000000000000000e+02 8.066251326666666610e-02
3.250000000000000000e+02 8.804307609999999229e-02
3.260000000000000000e+02 9.794947796666667039e-02
3.270000000000000000e+02 1.077100607333333487e-01
3.280000000000000000e+02 1.169554384666666724e-01
3.290000000000000000e+02 1.268269267000000089e-01
3.300000000000000000e+02 1.382897683999999849e-01
3.310000000000000000e+02 1.478887148666666596e-01
3.320000000000000000e+02 1.575806757666666502e-01
3.330000000000000000e+02 1.676096241333333015e-01
3.340000000000000000e+02 1.764384016666666333e-01
3.350000000000000000e+02 1.862518982666666323e-01
3.360000000000000000e+02 1.944665907666666138e-01
3.370000000000000000e+02 2.019077448999999358e-01
3.380000000000000000e+02 2.100939635999999611e-01
3.390000000000000000e+02 2.187632877999999559e-01
3.400000000000000000e+02 2.287253226999999556e-01
3.410000000000000000e+02 2.358575360666666232e-01
3.420000000000000000e+02 2.434809225333332827e-01
3.430000000000000000e+02 2.511925777999999276e-01
3.440000000000000000e+02 2.564189445333332484e-01
3.450000000000000000e+02 2.625170842666665894e-01
3.460000000000000000e+02 2.696421791999999429e-01
3.470000000000000000e+02 2.757070994666666053e-01
3.480000000000000000e+02 2.809510250333333015e-01
3.490000000000000000e+02 2.857156415999999033e-01
3.500000000000000000e+02 2.914720956666665419e-01
3.510000000000000000e+02 2.965594153333332428e-01
3.520000000000000000e+02 3.016847000666665335e-01
3.530000000000000000e+02 3.063876233999999199e-01
3.540000000000000000e+02 3.125616932666666070e-01
3.550000000000000000e+02 3.186408504333331781e-01
3.560000000000000000e+02 3.215072133666664889e-01
3.570000000000000000e+02 3.208712983999998380e-01
3.580000000000000000e+02 3.211275626333331412e-01
3.590000000000000000e+02 3.207621487999998133e-01
3.600000000000000000e+02 3.229403947999998081e-01
3.610000000000000000e+02 3.236285117333331240e-01
3.620000000000000000e+02 3.247247531999998271e-01
3.630000000000000000e+02 3.268175777999998699e-01
3.640000000000000000e+02 3.301490128666665358e-01
3.650000000000000000e+02 3.317720196999998650e-01
3.660000000000000000e+02 3.388714881666665124e-01
3.670000000000000000e+02 3.454299543666665140e-01
3.680000000000000000e+02 3.499145784999997955e-01
3.690000000000000000e+02 3.539198936333331491e-01
3.700000000000000000e+02 3.584092634333331806e-01
3.710000000000000000e+02 3.615840925999998512e-01
3.720000000000000000e+02 3.644599468333331038e-01
3.730000000000000000e+02 3.674164768333332276e-01
3.740000000000000000e+02 3.695852315666665056e-01
3.750000000000000000e+02 3.702069095999999115e-01
3.760000000000000000e+02 3.740366362333332195e-01
3.770000000000000000e+02 3.773016324666665366e-01
3.780000000000000000e+02 3.853122626999997968e-01
3.790000000000000000e+02 3.904897493999998637e-01
3.800000000000000000e+02 3.923310553999998507e-01
3.810000000000000000e+02 3.970956719333332274e-01
3.820000000000000000e+02 3.975275246333332957e-01
3.830000000000000000e+02 3.956245253666665906e-01
3.840000000000000000e+02 3.921459756333333102e-01
3.850000000000000000e+02 3.931947607666666511e-01
3.860000000000000000e+02 3.924686787666666343e-01
3.870000000000000000e+02 3.959709567000000430e-01
3.880000000000000000e+02 3.996772968666667536e-01
3.890000000000000000e+02 4.034975322666667363e-01
3.900000000000000000e+02 4.056757783000000672e-01
3.910000000000000000e+02 4.120823842333333764e-01
3.920000000000000000e+02 4.171697039000000773e-01
3.930000000000000000e+02 4.136342065333334372e-01
3.940000000000000000e+02 4.104593774000001583e-01
3.950000000000000000e+02 4.144741837666668371e-01
3.960000000000000000e+02 4.143223235000002003e-01
3.970000000000000000e+02 4.065727031666669378e-01
3.980000000000000000e+02 4.107441154666670036e-01
3.990000000000000000e+02 4.181425589000003495e-01
4.000000000000000000e+02 4.245918755333336070e-01
4.010000000000000000e+02 4.334662111333337231e-01
4.020000000000000000e+02 4.439540623000005071e-01
4.030000000000000000e+02 4.523253607000005672e-01
4.040000000000000000e+02 4.654470387666672648e-01
4.050000000000000000e+02 4.762813212333340540e-01
4.060000000000000000e+02 4.832668945333341015e-01
4.070000000000000000e+02 4.907270312000007184e-01
4.080000000000000000e+02 4.954014807000007292e-01
4.090000000000000000e+02 5.048215642333340192e-01
4.100000000000000000e+02 5.113373197333340725e-01
4.110000000000000000e+02 5.185839029000006706e-01
4.120000000000000000e+02 5.314635536000006377e-01
4.130000000000000000e+02 5.467824602333339890e-01
4.140000000000000000e+02 5.616837510333340111e-01
4.150000000000000000e+02 5.718916098000008663e-01
4.160000000000000000e+02 5.842966971333340975e-01
4.170000000000000000e+02 5.960373956666674689e-01
4.180000000000000000e+02 6.067388003666672747e-01
4.190000000000000000e+02 6.179527335333340199e-01
4.200000000000000000e+02 6.251613516000006365e-01
4.210000000000000000e+02 6.347570235666671890e-01
4.220000000000000000e+02 6.444333713000004460e-01
4.230000000000000000e+02 6.577543660000004788e-01
4.240000000000000000e+02 6.724515945333336964e-01
4.250000000000000000e+02 6.810744115333338122e-01
4.260000000000000000e+02 6.886389521333338148e-01
4.270000000000000000e+02 7.044798784666672642e-01
4.280000000000000000e+02 7.102031131000006159e-01
4.290000000000000000e+02 7.111664768000006687e-01
4.300000000000000000e+02 7.069760819666672802e-01
4.310000000000000000e+02 7.017036826000004890e-01
4.320000000000000000e+02 7.048547836000004230e-01
4.330000000000000000e+02 7.069381169333337489e-01
4.340000000000000000e+02 7.048737661333338567e-01
4.350000000000000000e+02 7.090167046333336609e-01
4.360000000000000000e+02 7.150768792666669649e-01
4.370000000000000000e+02 7.210089217666670880e-01
4.380000000000000000e+02 7.233437737000004697e-01
4.390000000000000000e+02 7.233485193333336616e-01
4.400000000000000000e+02 7.306093393666671654e-01
4.410000000000000000e+02 7.341400910666673330e-01
4.420000000000000000e+02 7.374715261666672239e-01
4.430000000000000000e+02 7.428815489333338018e-01
4.440000000000000000e+02 7.467302581333338241e-01
4.450000000000000000e+02 7.523301062666670758e-01
4.460000000000000000e+02 7.541761579000006988e-01
4.470000000000000000e+02 7.590736522000007813e-01
4.480000000000000000e+02 7.649772209333339790e-01
4.490000000000000000e+02 7.707953682333337220e-01
4.500000000000000000e+02 7.778094153000004729e-01
4.510000000000000000e+02 7.837367122000006292e-01
4.520000000000000000e+02 7.888335231333338804e-01
4.530000000000000000e+02 7.947750569333339454e-01
4.540000000000000000e+02 8.008874335333338035e-01
4.550000000000000000e+02 8.057232346000006151e-01
4.560000000000000000e+02 8.133731966333338503e-01
4.570000000000000000e+02 8.211323082666669437e-01
4.580000000000000000e+02 8.281178815333336551e-01
4.590000000000000000e+02 8.360288534333335519e-01
4.600000000000000000e+02 8.480258162000000599e-01
4.610000000000000000e+02 8.625616931666669762e-01
4.620000000000000000e+02 8.673737660666671623e-01
4.630000000000000000e+02 8.748955959666668836e-01
4.640000000000000000e+02 8.837936597666666838e-01
4.650000000000000000e+02 8.885440394333333769e-01
4.660000000000000000e+02 8.926442671999997858e-01
4.670000000000000000e+02 8.941581244666665373e-01
4.680000000000000000e+02 9.002325359999995280e-01
4.690000000000000000e+02 9.067862565666663377e-01
4.700000000000000000e+02 9.094722854333326945e-01
4.710000000000000000e+02 9.128843962999991790e-01
4.720000000000000000e+02 9.164815868666660315e-01
4.730000000000000000e+02 9.182374714666660109e-01
4.740000000000000000e+02 9.214645025999992356e-01
4.750000000000000000e+02 9.237376612999990133e-01
4.760000000000000000e+02 9.289198936333320500e-01
4.770000000000000000e+02 9.308798404999986120e-01
4.780000000000000000e+02 9.342777144666655209e-01
4.790000000000000000e+02 9.357820804666658887e-01
4.800000000000000000e+02 9.387148822999989983e-01
4.810000000000000000e+02 9.385677676333324948e-01
4.820000000000000000e+02 9.408551632333328474e-01
4.830000000000000000e+02 9.447276005666661591e-01
4.840000000000000000e+02 9.460089217666662886e-01
4.850000000000000000e+02 9.481349657999994518e-01
4.860000000000000000e+02 9.418422550999996368e-01
4.870000000000000000e+02 9.390328397666664051e-01
4.880000000000000000e+02 9.392463932999997045e-01
4.890000000000000000e+02 9.379888002999995367e-01
4.900000000000000000e+02 9.405988990333331579e-01
4.910000000000000000e+02 9.407982156666662155e-01
4.920000000000000000e+02 9.388619969666659459e-01
4.930000000000000000e+02 9.387528473999993128e-01
4.940000000000000000e+02 9.384538724333330029e-01
4.950000000000000000e+02 9.408599088666662613e-01
4.960000000000000000e+02 9.409216021333330904e-01
4.970000000000000000e+02 9.434272968999996012e-01
4.980000000000000000e+02 9.437642369333332226e-01
4.990000000000000000e+02 9.436218678999996889e-01
5.000000000000000000e+02 9.447038724333334248e-01
5.010000000000000000e+02 9.440679574666669405e-01
5.020000000000000000e+02 9.415242976333336733e-01
5.030000000000000000e+02 9.420652999000002081e-01
5.040000000000000000e+02 9.400863705000001014e-01
5.050000000000000000e+02 9.389189445333333550e-01
5.060000000000000000e+02 9.405799164333336071e-01
5.070000000000000000e+02 9.403995823333336501e-01
5.080000000000000000e+02 9.373576309333334633e-01
5.090000000000000000e+02 9.375379650333334203e-01
5.100000000000000000e+02 9.354214122666670850e-01
5.110000000000000000e+02 9.341068716666669491e-01
5.120000000000000000e+02 9.331340166999998464e-01
5.130000000000000000e+02 9.311028853666665217e-01
5.140000000000000000e+02 9.289578587999998138e-01
5.150000000000000000e+02 9.275484055000001726e-01
5.160000000000000000e+02 9.336228170666667214e-01
5.170000000000000000e+02 9.294466591333336858e-01
5.180000000000000000e+02 9.275911162333339011e-01
5.190000000000000000e+02 9.260725133333342907e-01
5.200000000000000000e+02 9.240223994333344182e-01
5.210000000000000000e+02 9.223424450000010655e-01
5.220000000000000000e+02 9.236996963333344857e-01
5.230000000000000000e+02 9.207431663333343064e-01
5.240000000000000000e+02 9.217777145666673499e-01
5.250000000000000000e+02 9.205201215666671821e-01
5.260000000000000000e+02 9.204062263333336880e-01
5.270000000000000000e+02 9.154565300333336042e-01
5.280000000000000000e+02 9.151528094666668833e-01
5.290000000000000000e+02 9.165100608000007476e-01
5.300000000000000000e+02 9.163771830666675999e-01
5.310000000000000000e+02 9.196706530666673984e-01
5.320000000000000000e+02 9.226698937666673039e-01
5.330000000000000000e+02 9.203777525333340925e-01
5.340000000000000000e+02 9.223519363000013405e-01
5.350000000000000000e+02 9.227980259000015950e-01
5.360000000000000000e+02 9.228502278666681491e-01
5.370000000000000000e+02 9.221526196666677277e-01
5.380000000000000000e+02 9.240888383333342171e-01
5.390000000000000000e+02 9.237898633666679071e-01
5.400000000000000000e+02 9.241647684333339496e-01
5.410000000000000000e+02 9.230732726000009380e-01
5.420000000000000000e+02 9.229783599333345467e-01
5.430000000000000000e+02 9.239227411000006107e-01
5.440000000000000000e+02 9.268365603666676167e-01
5.450000000000000000e+02 9.283171982000008038e-01
5.460000000000000000e+02 9.289910782000011524e-01
5.470000000000000000e+02 9.375379650666673115e-01
5.480000000000000000e+02 9.390091116000007787e-01
5.490000000000000000e+02 9.438923690000005084e-01
5.500000000000000000e+02 9.450930144000001532e-01
5.510000000000000000e+02 9.468773728000001721e-01
5.520000000000000000e+02 9.483817388000005399e-01
5.530000000000000000e+02 9.510345482333339984e-01
5.540000000000000000e+02 9.515091116333337373e-01
5.550000000000000000e+02 9.526670463333336558e-01
5.560000000000000000e+02 9.534500759666675318e-01
5.570000000000000000e+02 9.573889522000010865e-01
5.580000000000000000e+02 9.585990888666676701e-01
5.590000000000000000e+02 9.564350797666671955e-01
5.600000000000000000e+02 9.556283219666672490e-01
5.610000000000000000e+02 9.555191724000006159e-01
5.620000000000000000e+02 9.542093774333343381e-01
5.630000000000000000e+02 9.568384586666677238e-01
5.640000000000000000e+02 9.566913440000007762e-01
5.650000000000000000e+02 9.571564161333336873e-01
5.660000000000000000e+02 9.545510630666673713e-01
5.670000000000000000e+02 9.565110099333348215e-01
5.680000000000000000e+02 9.564920274000020539e-01
5.690000000000000000e+02 9.563876234666679466e-01
5.700000000000000000e+02 9.570425209666685307e-01
5.710000000000000000e+02 9.576499621333349754e-01
5.720000000000000000e+02 9.580723235666681603e-01
5.730000000000000000e+02 9.596288915000020792e-01
5.740000000000000000e+02 9.599895597000018821e-01
5.750000000000000000e+02 9.602078588666681513e-01
5.760000000000000000e+02 9.600512529666673789e-01
5.770000000000000000e+02 9.601224374666675887e-01
5.780000000000000000e+02 9.608959758333336376e-01
5.790000000000000000e+02 9.595766895666675289e-01
5.800000000000000000e+02 9.596526197000012637e-01
5.810000000000000000e+02 9.596336371666676079e-01
5.820000000000000000e+02 9.590119591000009214e-01
5.830000000000000000e+02 9.598519363000008742e-01
5.840000000000000000e+02 9.598519363000008742e-01
5.850000000000000000e+02 9.592112757000014200e-01
5.860000000000000000e+02 9.579916477333341174e-01
5.870000000000000000e+02 9.592729689333339138e-01
5.880000000000000000e+02 9.594343204666671010e-01
5.890000000000000000e+02 9.582384207000008702e-01
5.900000000000000000e+02 9.581197798666674093e-01
5.910000000000000000e+02 9.571611617666671012e-01
5.920000000000000000e+02 9.578919894000004209e-01
5.930000000000000000e+02 9.578492787000006947e-01
5.940000000000000000e+02 9.584140091666673023e-01
5.950000000000000000e+02 9.577923311000006157e-01
5.960000000000000000e+02 9.593488990666666494e-01
5.970000000000000000e+02 9.593963553999997895e-01
5.980000000000000000e+02 9.591590736999999756e-01
5.990000000000000000e+02 9.588648444000000826e-01
6.000000000000000000e+02 9.585706151000000785e-01
6.010000000000000000e+02 9.596288914666663006e-01
6.020000000000000000e+02 9.580913060333330344e-01
6.030000000000000000e+02 9.571042141666661340e-01
6.040000000000000000e+02 9.564635535666657917e-01
6.050000000000000000e+02 9.565679574999990109e-01
6.060000000000000000e+02 9.569950645666664979e-01
6.070000000000000000e+02 9.564303340999998904e-01
6.080000000000000000e+02 9.566865983333333601e-01
6.090000000000000000e+02 9.571231966666658986e-01
6.100000000000000000e+02 9.562405087666652204e-01
6.110000000000000000e+02 9.565015186333322150e-01
6.120000000000000000e+02 9.559035687333315989e-01
6.130000000000000000e+02 9.554337509666652739e-01
6.140000000000000000e+02 9.538392179333319287e-01
6.150000000000000000e+02 9.537158314333320508e-01
6.160000000000000000e+02 9.533646545333321898e-01
6.170000000000000000e+02 9.519362186999994480e-01
6.180000000000000000e+02 9.515186029333325690e-01
6.190000000000000000e+02 9.539388762666656252e-01
6.200000000000000000e+02 9.560981397333316867e-01
6.210000000000000000e+02 9.565632118666655970e-01
6.220000000000000000e+02 9.563449126999984395e-01
6.230000000000000000e+02 9.559178056333318407e-01
6.240000000000000000e+02 9.558988230999981850e-01
6.250000000000000000e+02 9.554337509666652739e-01
6.260000000000000000e+02 9.545842824666654902e-01
6.270000000000000000e+02 9.544514046999987844e-01
6.280000000000000000e+02 9.548263097666648269e-01
6.290000000000000000e+02 9.559130599333315326e-01
6.300000000000000000e+02 9.558181472666641421e-01
6.310000000000000000e+02 9.567388002666642466e-01
6.320000000000000000e+02 9.567862565999973867e-01
6.330000000000000000e+02 9.575075929666638785e-01
6.340000000000000000e+02 9.569001517999974338e-01
6.350000000000000000e+02 9.566533788333306809e-01
6.360000000000000000e+02 9.560886483666640734e-01
6.370000000000000000e+02 9.560222094999971665e-01
6.380000000000000000e+02 9.563259300666638874e-01
6.390000000000000000e+02 9.568052390999980394e-01
6.400000000000000000e+02 9.565157553999985574e-01
6.410000000000000000e+02 9.556900150666649552e-01
6.420000000000000000e+02 9.554242595666655458e-01
6.430000000000000000e+02 9.552439254666656998e-01
6.440000000000000000e+02 9.561645784666656933e-01
6.450000000000000000e+02 9.558513666333321446e-01
6.460000000000000000e+02 9.564682990666654172e-01
6.470000000000000000e+02 9.575597948999984288e-01
6.480000000000000000e+02 9.575313210999989444e-01
6.490000000000000000e+02 9.581292709999985613e-01
6.500000000000000000e+02 9.558513666666660358e-01
6.510000000000000000e+02 9.555049353999994777e-01
6.520000000000000000e+02 9.557232345666667461e-01
6.530000000000000000e+02 9.561218678333328613e-01
6.540000000000000000e+02 9.560269551333334670e-01
6.550000000000000000e+02 9.561171221666664444e-01
6.560000000000000000e+02 9.512908123666666826e-01
6.570000000000000000e+02 9.472902429000006341e-01
6.580000000000000000e+02 9.462034927333349277e-01
6.590000000000000000e+02 9.448984434000010646e-01
6.600000000000000000e+02 9.446706529666679675e-01
6.610000000000000000e+02 9.436598329333359958e-01
6.620000000000000000e+02 9.444191343666687999e-01
6.630000000000000000e+02 9.435079726333365224e-01
6.640000000000000000e+02 9.429622247333374618e-01
6.650000000000000000e+02 9.421364844000038596e-01
6.660000000000000000e+02 9.422408883666700818e-01
6.670000000000000000e+02 9.414104024333369569e-01
6.680000000000000000e+02 9.404992407000036803e-01
6.690000000000000000e+02 9.401623007000040610e-01
6.700000000000000000e+02 9.407839787666697484e-01
6.710000000000000000e+02 9.410876993666694723e-01
6.720000000000000000e+02 9.409738041666694253e-01
6.730000000000000000e+02 9.410497343333361631e-01
6.740000000000000000e+02 9.412443053333362508e-01
6.750000000000000000e+02 9.411683752000025160e-01
6.760000000000000000e+02 9.419703873333351574e-01
6.770000000000000000e+02 9.415717540666690422e-01
6.780000000000000000e+02 9.414863326333355875e-01
6.790000000000000000e+02 9.407317768000021951e-01
6.800000000000000000e+02 9.419941154666692240e-01
6.810000000000000000e+02 9.410449886666697461e-01
6.820000000000000000e+02 9.408409264000018313e-01
6.830000000000000000e+02 9.406748292000012279e-01
6.840000000000000000e+02 9.398965452333337689e-01
6.850000000000000000e+02 9.404328019000008920e-01
6.860000000000000000e+02 9.452401291666679972e-01
6.870000000000000000e+02 9.489749431333336371e-01
6.880000000000000000e+02 9.493023918666665395e-01
6.890000000000000000e+02 9.499667806333339515e-01
6.900000000000000000e+02 9.502135536000007043e-01
6.910000000000000000e+02 9.504603265666673462e-01
6.920000000000000000e+02 9.499762719000007793e-01
6.930000000000000000e+02 9.499193242999998121e-01
6.940000000000000000e+02 9.506643888333314862e-01
6.950000000000000000e+02 9.507735384333311224e-01
6.960000000000000000e+02 9.509918375999972806e-01
6.970000000000000000e+02 9.514853835333307863e-01
6.980000000000000000e+02 9.510108201333309363e-01
6.990000000000000000e+02 9.507925209666628907e-01
7.000000000000000000e+02 9.506881170333296716e-01
7.010000000000000000e+02 9.502420274333303052e-01
7.020000000000000000e+02 9.501755885333296181e-01
7.030000000000000000e+02 9.495539104666629315e-01
7.040000000000000000e+02 9.490176537999956974e-01
7.050000000000000000e+02 9.491315489999957444e-01
7.060000000000000000e+02 9.485858010999966838e-01
7.070000000000000000e+02 9.484339407999963223e-01
7.080000000000000000e+02 9.483722475666638285e-01
7.090000000000000000e+02 9.477505695333301450e-01
7.100000000000000000e+02 9.478264996666628805e-01
7.110000000000000000e+02 9.477458238666618406e-01
7.120000000000000000e+02 9.470292331333287628e-01
7.130000000000000000e+02 9.462699316999968469e-01
7.140000000000000000e+02 9.464028094333305496e-01
7.150000000000000000e+02 9.453208048666643659e-01
7.160000000000000000e+02 9.453397873999961343e-01
7.170000000000000000e+02 9.441011769333290671e-01
7.180000000000000000e+02 9.433561123999955056e-01
7.190000000000000000e+02 9.419466590999964195e-01
7.200000000000000000e+02 9.408361807333297522e-01
7.210000000000000000e+02 9.396402809666616340e-01
7.220000000000000000e+02 9.389047076999949004e-01
7.230000000000000000e+02 9.380362566666614610e-01
7.240000000000000000e+02 9.369589977666615832e-01
7.250000000000000000e+02 9.361190205333287384e-01
7.260000000000000000e+02 9.347854973666623879e-01
7.270000000000000000e+02 9.336560364666619538e-01
7.280000000000000000e+02 9.330058845999947836e-01
7.290000000000000000e+02 9.305381548999946961e-01
7.300000000000000000e+02 9.291144646666623652e-01
7.310000000000000000e+02 9.278046696666630844e-01
7.320000000000000000e+02 9.269504555666628898e-01
7.330000000000000000e+02 9.254365983333286971e-01
7.340000000000000000e+02 9.244637433666620385e-01
7.350000000000000000e+02 9.226936218666613732e-01
